#MS=0.67450869
1.0 0.0003454155
1.0 0.0003454155
1.0 0.0003454155
1.0 0.0003454155
1.0 0.0003454155
1.0 0.0003454155
1.0 0.0003454155
1.0 0.0003454155
1.0 0.0003454155
1.0 0.0003454155
1.0 0.0003454155
1.0 0.0003454155
1.0 0.0003454155
1.0 0.0003454155
1.0 0.0003454155
1.0 0.0003454155
1.0 0.0003454155
1.0 0.0003454155
1.0 0.0003454155
1.0 0.0003454155
1.0 0.0003454155
1.0 0.0003454155
1.0 0.0003454155
1.0 0.0003454155
1.00000000001 0.000345422333333
1.00000000001 0.000345422333333
1.00000000001 0.000345422333333
1.00000000001 0.000345422333333
1.00000000001 0.000345422333333
1.00000000001 0.000345422333333
1.00000000001 0.000345422333333
1.00000000001 0.000345422333333
1.00000000001 0.000345422333333
1.00000000001 0.000345422333333
1.00000000001 0.000345422333333
1.00000000001 0.000345422333333
1.00000000001 0.000345422333333
1.00000000001 0.000345422333333
1.00000000001 0.000345422333333
1.00000000001 0.000345422333333
1.00000000001 0.000345422333333
1.00000000001 0.000345422333333
1.00000000001 0.000345422333333
1.00000000001 0.000345422333333
1.00000000001 0.000345422333333
1.00000000001 0.000345422333333
1.00000000001 0.000345422333333
1.00000000001 0.000345422333333
1.00000000001 0.000345422333333
1.00000000001 0.000345422333333
1.00000000001 0.000345422333333
1.00000000001 0.000345422333333
1.00000000001 0.000345422333333
1.00000000001 0.000345422333333
1.00000000001 0.000345422333333
1.00000000001 0.000345422333333
1.00000000001 0.000345422333333
1.00000000001 0.000345422333333
1.00000000001 0.000345422333333
1.00000000001 0.000345422333333
1.00000000001 0.000345422333333
1.00000000001 0.000345422333333
1.00000000001 0.000345422333333
1.00000000001 0.000345422333333
1.41421356237 -8.08897333333e-06
1.41421356237 -8.08897333333e-06
1.41421356237 -8.08897333333e-06
1.41421356237 -8.08897333333e-06
1.41421356237 -8.08897333333e-06
1.41421356237 -8.08897333333e-06
1.41421356237 -8.08897333333e-06
1.41421356237 -8.08897333333e-06
1.41421356237 -8.08897333333e-06
1.41421356237 -8.08897333333e-06
1.41421356237 -8.08897333333e-06
1.41421356237 -8.08897333333e-06
1.41421356237 -8.08897333333e-06
1.41421356237 -8.08897333333e-06
1.41421356237 -8.08897333333e-06
1.41421356237 -8.08897333333e-06
1.41421356237 -8.08897333333e-06
1.41421356237 -8.08897333333e-06
1.41421356237 -8.08897333333e-06
1.41421356237 -8.08897333333e-06
1.41421356237 -8.08897333333e-06
1.41421356237 -8.08897333333e-06
1.41421356237 -8.08897333333e-06
1.41421356237 -8.08897333333e-06
1.4142135624 -8.08317e-06
1.4142135624 -8.08317e-06
1.4142135624 -8.08317e-06
1.4142135624 -8.08317e-06
1.4142135624 -8.08317e-06
1.4142135624 -8.08317e-06
1.4142135624 -8.08317e-06
1.4142135624 -8.08317e-06
1.73205080757 3.84800666667e-05
1.73205080757 3.84800666667e-05
1.73205080757 3.84800666667e-05
1.73205080757 3.84800666667e-05
1.73205080757 3.84800666667e-05
1.73205080757 3.84800666667e-05
1.73205080757 3.84800666667e-05
1.73205080757 3.84800666667e-05
1.73205080757 3.84800666667e-05
1.73205080757 3.84800666667e-05
1.73205080757 3.84800666667e-05
1.73205080757 3.84800666667e-05
1.73205080757 3.84800666667e-05
1.73205080757 3.84800666667e-05
1.73205080757 3.84800666667e-05
1.73205080757 3.84800666667e-05
1.73205080757 3.84800666667e-05
1.73205080757 3.84800666667e-05
1.73205080757 3.84800666667e-05
1.73205080757 3.84800666667e-05
1.73205080757 3.84800666667e-05
1.73205080757 3.84800666667e-05
1.73205080757 3.84800666667e-05
1.73205080757 3.84800666667e-05
1.73205080757 3.84800666667e-05
1.73205080757 3.84800666667e-05
1.73205080757 3.84800666667e-05
1.73205080757 3.84800666667e-05
1.73205080757 3.84800666667e-05
1.73205080757 3.84800666667e-05
1.73205080757 3.84800666667e-05
1.73205080757 3.84800666667e-05
1.73205080757 3.84800666667e-05
1.73205080757 3.84800666667e-05
1.73205080757 3.84800666667e-05
1.73205080757 3.84800666667e-05
1.73205080757 3.84800666667e-05
1.73205080757 3.84800666667e-05
1.73205080757 3.84800666667e-05
1.73205080757 3.84800666667e-05
1.73205080757 3.84800666667e-05
1.73205080757 3.84800666667e-05
1.73205080757 3.84800666667e-05
1.73205080757 3.84800666667e-05
1.73205080757 3.84800666667e-05
1.73205080757 3.84800666667e-05
1.73205080757 3.84800666667e-05
1.73205080757 3.84800666667e-05
1.73205080757 3.84800666667e-05
1.73205080757 3.84800666667e-05
1.73205080757 3.84800666667e-05
1.73205080757 3.84800666667e-05
1.73205080757 3.84800666667e-05
1.73205080757 3.84800666667e-05
1.73205080757 3.84800666667e-05
1.73205080757 3.84800666667e-05
1.73205080757 3.84800666667e-05
1.73205080757 3.84800666667e-05
1.73205080757 3.84800666667e-05
1.73205080757 3.84800666667e-05
1.73205080757 3.84800666667e-05
1.73205080757 3.84800666667e-05
1.73205080757 3.84800666667e-05
1.73205080757 3.84800666667e-05
1.73205080757 3.84800666667e-05
1.73205080757 3.84800666667e-05
1.73205080757 3.84800666667e-05
1.73205080757 3.84800666667e-05
1.73205080757 3.84800666667e-05
1.73205080757 3.84800666667e-05
1.73205080757 3.84800666667e-05
1.73205080757 3.84800666667e-05
1.73205080757 3.84800666667e-05
1.73205080757 3.84800666667e-05
1.73205080757 3.84800666667e-05
1.73205080757 3.84800666667e-05
1.73205080757 3.84800666667e-05
1.73205080757 3.84800666667e-05
1.73205080757 3.84800666667e-05
1.73205080757 3.84800666667e-05
1.73205080759 3.84724e-05
1.73205080759 3.84724e-05
1.73205080759 3.84724e-05
1.73205080759 3.84724e-05
1.73205080759 3.84724e-05
1.73205080759 3.84724e-05
1.73205080759 3.84724e-05
1.73205080759 3.84724e-05
1.73205080759 3.84724e-05
1.73205080759 3.84724e-05
1.73205080759 3.84724e-05
1.73205080759 3.84724e-05
1.73205080759 3.84724e-05
1.73205080759 3.84724e-05
1.73205080759 3.84724e-05
1.73205080759 3.84724e-05
1.73205080759 3.84724e-05
1.73205080759 3.84724e-05
1.73205080759 3.84724e-05
1.73205080759 3.84724e-05
1.73205080759 3.84724e-05
1.73205080759 3.84724e-05
1.73205080759 3.84724e-05
1.73205080759 3.84724e-05
1.73205080759 3.84724e-05
1.73205080759 3.84724e-05
1.73205080759 3.84724e-05
1.73205080759 3.84724e-05
1.73205080759 3.84724e-05
1.73205080759 3.84724e-05
1.73205080759 3.84724e-05
1.73205080759 3.84724e-05
2.0 2.28247166667e-05
2.0 2.28247166667e-05
2.0 2.28247166667e-05
2.0 2.28247166667e-05
2.0 2.28247166667e-05
2.0 2.28247166667e-05
2.0 2.28247166667e-05
2.0 2.28247166667e-05
2.0 2.28247166667e-05
2.0 2.28247166667e-05
2.0 2.28247166667e-05
2.0 2.28247166667e-05
2.0 2.28247166667e-05
2.0 2.28247166667e-05
2.0 2.28247166667e-05
2.0 2.28247166667e-05
2.0 2.28247166667e-05
2.0 2.28247166667e-05
2.0 2.28247166667e-05
2.0 2.28247166667e-05
2.0 2.28247166667e-05
2.0 2.28247166667e-05
2.0 2.28247166667e-05
2.0 2.28247166667e-05
2.00000000002 2.28416666667e-05
2.00000000002 2.28416666667e-05
2.00000000002 2.28416666667e-05
2.00000000002 2.28416666667e-05
2.00000000002 2.28416666667e-05
2.00000000002 2.28416666667e-05
2.00000000002 2.28416666667e-05
2.00000000002 2.28416666667e-05
2.00000000002 2.28416666667e-05
2.00000000002 2.28416666667e-05
2.00000000002 2.28416666667e-05
2.00000000002 2.28416666667e-05
2.00000000002 2.28416666667e-05
2.00000000002 2.28416666667e-05
2.00000000002 2.28416666667e-05
2.00000000002 2.28416666667e-05
2.00000000002 2.28416666667e-05
2.00000000002 2.28416666667e-05
2.00000000002 2.28416666667e-05
2.00000000002 2.28416666667e-05
2.00000000002 2.28416666667e-05
2.00000000002 2.28416666667e-05
2.00000000002 2.28416666667e-05
2.00000000002 2.28416666667e-05
2.00000000002 2.28416666667e-05
2.00000000002 2.28416666667e-05
2.00000000002 2.28416666667e-05
2.00000000002 2.28416666667e-05
2.00000000002 2.28416666667e-05
2.00000000002 2.28416666667e-05
2.00000000002 2.28416666667e-05
2.00000000002 2.28416666667e-05
2.2360679775 4.1852e-06
2.2360679775 4.1852e-06
2.2360679775 4.1852e-06
2.2360679775 4.1852e-06
2.2360679775 4.1852e-06
2.2360679775 4.1852e-06
2.2360679775 4.1852e-06
2.2360679775 4.1852e-06
2.2360679775 4.1852e-06
2.2360679775 4.1852e-06
2.2360679775 4.1852e-06
2.2360679775 4.1852e-06
2.2360679775 4.1852e-06
2.2360679775 4.1852e-06
2.2360679775 4.1852e-06
2.2360679775 4.1852e-06
2.2360679775 4.1852e-06
2.2360679775 4.1852e-06
2.2360679775 4.1852e-06
2.2360679775 4.1852e-06
2.2360679775 4.1852e-06
2.2360679775 4.1852e-06
2.2360679775 4.1852e-06
2.2360679775 4.1852e-06
2.2360679775 4.1852e-06
2.2360679775 4.1852e-06
2.2360679775 4.1852e-06
2.2360679775 4.1852e-06
2.2360679775 4.1852e-06
2.2360679775 4.1852e-06
2.2360679775 4.1852e-06
2.2360679775 4.1852e-06
2.2360679775 4.1852e-06
2.2360679775 4.1852e-06
2.2360679775 4.1852e-06
2.2360679775 4.1852e-06
2.2360679775 4.1852e-06
2.2360679775 4.1852e-06
2.2360679775 4.1852e-06
2.2360679775 4.1852e-06
2.2360679775 4.1852e-06
2.2360679775 4.1852e-06
2.2360679775 4.1852e-06
2.2360679775 4.1852e-06
2.2360679775 4.1852e-06
2.2360679775 4.1852e-06
2.2360679775 4.1852e-06
2.2360679775 4.1852e-06
2.2360679775 4.20194e-06
2.2360679775 4.20194e-06
2.2360679775 4.20194e-06
2.2360679775 4.20194e-06
2.2360679775 4.20194e-06
2.2360679775 4.20194e-06
2.2360679775 4.20194e-06
2.2360679775 4.20194e-06
2.2360679775 4.20194e-06
2.2360679775 4.20194e-06
2.2360679775 4.20194e-06
2.2360679775 4.20194e-06
2.2360679775 4.20194e-06
2.2360679775 4.20194e-06
2.2360679775 4.20194e-06
2.2360679775 4.20194e-06
2.2360679775 4.20194e-06
2.2360679775 4.20194e-06
2.2360679775 4.20194e-06
2.2360679775 4.20194e-06
2.2360679775 4.20194e-06
2.2360679775 4.20194e-06
2.2360679775 4.20194e-06
2.2360679775 4.20194e-06
2.2360679775 4.20194e-06
2.2360679775 4.20194e-06
2.2360679775 4.20194e-06
2.2360679775 4.20194e-06
2.2360679775 4.20194e-06
2.2360679775 4.20194e-06
2.2360679775 4.20194e-06
2.2360679775 4.20194e-06
2.2360679775 4.20194e-06
2.2360679775 4.20194e-06
2.2360679775 4.20194e-06
2.2360679775 4.20194e-06
2.2360679775 4.20194e-06
2.2360679775 4.20194e-06
2.2360679775 4.20194e-06
2.2360679775 4.20194e-06
2.23606797754 4.20212e-06
2.23606797754 4.20212e-06
2.23606797754 4.20212e-06
2.23606797754 4.20212e-06
2.23606797754 4.20212e-06
2.23606797754 4.20212e-06
2.23606797754 4.20212e-06
2.23606797754 4.20212e-06
2.23606797754 4.20212e-06
2.23606797754 4.20212e-06
2.23606797754 4.20212e-06
2.23606797754 4.20212e-06
2.23606797754 4.20212e-06
2.23606797754 4.20212e-06
2.23606797754 4.20212e-06
2.23606797754 4.20212e-06
2.23606797754 4.20212e-06
2.23606797754 4.20212e-06
2.23606797754 4.20212e-06
2.23606797754 4.20212e-06
2.23606797754 4.20212e-06
2.23606797754 4.20212e-06
2.23606797754 4.20212e-06
2.23606797754 4.20212e-06
2.4494897428 -4.008645e-06
2.4494897428 -4.008645e-06
2.4494897428 -4.008645e-06
2.4494897428 -4.008645e-06
2.4494897428 -4.008645e-06
2.4494897428 -4.008645e-06
2.4494897428 -4.008645e-06
2.4494897428 -4.008645e-06
2.4494897428 -4.008645e-06
2.4494897428 -4.008645e-06
2.4494897428 -4.008645e-06
2.4494897428 -4.008645e-06
2.4494897428 -4.008645e-06
2.4494897428 -4.008645e-06
2.4494897428 -4.008645e-06
2.4494897428 -4.008645e-06
2.4494897428 -4.008645e-06
2.4494897428 -4.008645e-06
2.4494897428 -4.008645e-06
2.4494897428 -4.008645e-06
2.4494897428 -4.008645e-06
2.4494897428 -4.008645e-06
2.4494897428 -4.008645e-06
2.4494897428 -4.008645e-06
2.4494897428 -4.008645e-06
2.4494897428 -4.008645e-06
2.4494897428 -4.008645e-06
2.4494897428 -4.008645e-06
2.4494897428 -4.008645e-06
2.4494897428 -4.008645e-06
2.4494897428 -4.008645e-06
2.4494897428 -4.008645e-06
2.64575131107 1.27229666667e-05
2.64575131107 1.27229666667e-05
2.64575131107 1.27229666667e-05
2.64575131107 1.27229666667e-05
2.64575131107 1.27229666667e-05
2.64575131107 1.27229666667e-05
2.64575131107 1.27229666667e-05
2.64575131107 1.27229666667e-05
2.64575131107 1.27229666667e-05
2.64575131107 1.27229666667e-05
2.64575131107 1.27229666667e-05
2.64575131107 1.27229666667e-05
2.64575131107 1.27229666667e-05
2.64575131107 1.27229666667e-05
2.64575131107 1.27229666667e-05
2.64575131107 1.27229666667e-05
2.64575131107 1.27229666667e-05
2.64575131107 1.27229666667e-05
2.64575131107 1.27229666667e-05
2.64575131107 1.27229666667e-05
2.64575131107 1.27229666667e-05
2.64575131107 1.27229666667e-05
2.64575131107 1.27229666667e-05
2.64575131107 1.27229666667e-05
2.64575131107 1.27229666667e-05
2.64575131107 1.27229666667e-05
2.64575131107 1.27229666667e-05
2.64575131107 1.27229666667e-05
2.64575131107 1.27229666667e-05
2.64575131107 1.27229666667e-05
2.64575131107 1.27229666667e-05
2.64575131107 1.27229666667e-05
2.64575131107 1.27229666667e-05
2.64575131107 1.27229666667e-05
2.64575131107 1.27229666667e-05
2.64575131107 1.27229666667e-05
2.64575131107 1.27229666667e-05
2.64575131107 1.27229666667e-05
2.64575131107 1.27229666667e-05
2.64575131107 1.27229666667e-05
2.64575131107 1.27229666667e-05
2.64575131107 1.27229666667e-05
2.64575131107 1.27229666667e-05
2.64575131107 1.27229666667e-05
2.64575131107 1.27229666667e-05
2.64575131107 1.27229666667e-05
2.64575131107 1.27229666667e-05
2.64575131107 1.27229666667e-05
2.64575131107 1.27229666667e-05
2.64575131107 1.27229666667e-05
2.64575131107 1.27229666667e-05
2.64575131107 1.27229666667e-05
2.64575131107 1.27229666667e-05
2.64575131107 1.27229666667e-05
2.64575131107 1.27229666667e-05
2.64575131107 1.27229666667e-05
2.64575131107 1.27229666667e-05
2.64575131107 1.27229666667e-05
2.64575131107 1.27229666667e-05
2.64575131107 1.27229666667e-05
2.64575131107 1.27229666667e-05
2.64575131107 1.27229666667e-05
2.64575131107 1.27229666667e-05
2.64575131107 1.27229666667e-05
2.64575131107 1.27229666667e-05
2.64575131107 1.27229666667e-05
2.64575131107 1.27229666667e-05
2.64575131107 1.27229666667e-05
2.64575131107 1.27229666667e-05
2.64575131107 1.27229666667e-05
2.64575131107 1.27229666667e-05
2.64575131107 1.27229666667e-05
2.64575131107 1.27229666667e-05
2.64575131107 1.27229666667e-05
2.64575131107 1.27229666667e-05
2.64575131107 1.27229666667e-05
2.64575131107 1.27229666667e-05
2.64575131107 1.27229666667e-05
2.64575131107 1.27229666667e-05
2.64575131107 1.27229666667e-05
2.64575131108 1.273385e-05
2.64575131108 1.273385e-05
2.64575131108 1.273385e-05
2.64575131108 1.273385e-05
2.64575131108 1.273385e-05
2.64575131108 1.273385e-05
2.64575131108 1.273385e-05
2.64575131108 1.273385e-05
2.64575131108 1.273385e-05
2.64575131108 1.273385e-05
2.64575131108 1.273385e-05
2.64575131108 1.273385e-05
2.64575131108 1.273385e-05
2.64575131108 1.273385e-05
2.64575131108 1.273385e-05
2.64575131108 1.273385e-05
2.64575131108 1.273385e-05
2.64575131108 1.273385e-05
2.64575131108 1.273385e-05
2.64575131108 1.273385e-05
2.64575131108 1.273385e-05
2.64575131108 1.273385e-05
2.64575131108 1.273385e-05
2.64575131108 1.273385e-05
2.64575131108 1.273385e-05
2.64575131108 1.273385e-05
2.64575131108 1.273385e-05
2.64575131108 1.273385e-05
2.64575131108 1.273385e-05
2.64575131108 1.273385e-05
2.64575131108 1.273385e-05
2.64575131108 1.273385e-05
2.64575131108 1.273385e-05
2.64575131108 1.273385e-05
2.64575131108 1.273385e-05
2.64575131108 1.273385e-05
2.64575131108 1.273385e-05
2.64575131108 1.273385e-05
2.64575131108 1.273385e-05
2.64575131108 1.273385e-05
2.64575131108 1.273385e-05
2.64575131108 1.273385e-05
2.64575131108 1.273385e-05
2.64575131108 1.273385e-05
2.64575131108 1.273385e-05
2.64575131108 1.273385e-05
2.64575131108 1.273385e-05
2.64575131108 1.273385e-05
2.64575131108 1.273385e-05
2.64575131108 1.273385e-05
2.64575131108 1.273385e-05
2.64575131108 1.273385e-05
2.64575131108 1.273385e-05
2.64575131108 1.273385e-05
2.64575131108 1.273385e-05
2.64575131108 1.273385e-05
2.64575131108 1.273385e-05
2.64575131108 1.273385e-05
2.64575131108 1.273385e-05
2.64575131108 1.273385e-05
2.64575131108 1.273385e-05
2.64575131108 1.273385e-05
2.64575131108 1.273385e-05
2.64575131108 1.273385e-05
2.6457513111 1.27229166667e-05
2.6457513111 1.27229166667e-05
2.6457513111 1.27229166667e-05
2.6457513111 1.27229166667e-05
2.6457513111 1.27229166667e-05
2.6457513111 1.27229166667e-05
2.6457513111 1.27229166667e-05
2.6457513111 1.27229166667e-05
2.6457513111 1.27229166667e-05
2.6457513111 1.27229166667e-05
2.6457513111 1.27229166667e-05
2.6457513111 1.27229166667e-05
2.6457513111 1.27229166667e-05
2.6457513111 1.27229166667e-05
2.6457513111 1.27229166667e-05
2.6457513111 1.27229166667e-05
2.6457513111 1.27229166667e-05
2.6457513111 1.27229166667e-05
2.6457513111 1.27229166667e-05
2.6457513111 1.27229166667e-05
2.6457513111 1.27229166667e-05
2.6457513111 1.27229166667e-05
2.6457513111 1.27229166667e-05
2.6457513111 1.27229166667e-05
2.6457513111 1.27229166667e-05
2.6457513111 1.27229166667e-05
2.6457513111 1.27229166667e-05
2.6457513111 1.27229166667e-05
2.6457513111 1.27229166667e-05
2.6457513111 1.27229166667e-05
2.6457513111 1.27229166667e-05
2.6457513111 1.27229166667e-05
2.6457513111 1.27229166667e-05
2.6457513111 1.27229166667e-05
2.6457513111 1.27229166667e-05
2.6457513111 1.27229166667e-05
2.6457513111 1.27229166667e-05
2.6457513111 1.27229166667e-05
2.6457513111 1.27229166667e-05
2.6457513111 1.27229166667e-05
2.6457513111 1.27229166667e-05
2.6457513111 1.27229166667e-05
2.6457513111 1.27229166667e-05
2.6457513111 1.27229166667e-05
2.6457513111 1.27229166667e-05
2.6457513111 1.27229166667e-05
2.6457513111 1.27229166667e-05
2.6457513111 1.27229166667e-05
2.82842712475 -2.57262333333e-06
2.82842712475 -2.57262333333e-06
2.82842712475 -2.57262333333e-06
2.82842712475 -2.57262333333e-06
2.82842712475 -2.57262333333e-06
2.82842712475 -2.57262333333e-06
2.82842712475 -2.57262333333e-06
2.82842712475 -2.57262333333e-06
2.82842712475 -2.57262333333e-06
2.82842712475 -2.57262333333e-06
2.82842712475 -2.57262333333e-06
2.82842712475 -2.57262333333e-06
2.82842712475 -2.57262333333e-06
2.82842712475 -2.57262333333e-06
2.82842712475 -2.57262333333e-06
2.82842712475 -2.57262333333e-06
2.82842712475 -2.57262333333e-06
2.82842712475 -2.57262333333e-06
2.82842712475 -2.57262333333e-06
2.82842712475 -2.57262333333e-06
2.82842712475 -2.57262333333e-06
2.82842712475 -2.57262333333e-06
2.82842712475 -2.57262333333e-06
2.82842712475 -2.57262333333e-06
2.8284271248 -2.54681333333e-06
2.8284271248 -2.54681333333e-06
2.8284271248 -2.54681333333e-06
2.8284271248 -2.54681333333e-06
3.0 -2.19429666667e-05
3.0 -2.19429666667e-05
3.0 -2.19429666667e-05
3.0 -2.19429666667e-05
3.0 -2.19429666667e-05
3.0 -2.19429666667e-05
3.0 -2.19429666667e-05
3.0 -2.19429666667e-05
3.0 -2.19429666667e-05
3.0 -2.19429666667e-05
3.0 -2.19429666667e-05
3.0 -2.19429666667e-05
3.0 -2.19429666667e-05
3.0 -2.19429666667e-05
3.0 -2.19429666667e-05
3.0 -2.19429666667e-05
3.0 -2.19429666667e-05
3.0 -2.19429666667e-05
3.0 -2.19429666667e-05
3.0 -2.19429666667e-05
3.0 -2.19429666667e-05
3.0 -2.19429666667e-05
3.0 -2.19429666667e-05
3.0 -2.19429666667e-05
3.0 2.08806666667e-06
3.0 2.08806666667e-06
3.0 2.08806666667e-06
3.0 2.08806666667e-06
3.0 2.08806666667e-06
3.0 2.08806666667e-06
3.0 2.08806666667e-06
3.0 2.08806666667e-06
3.0 2.08806666667e-06
3.0 2.08806666667e-06
3.0 2.08806666667e-06
3.0 2.08806666667e-06
3.0 2.08806666667e-06
3.0 2.08806666667e-06
3.0 2.08806666667e-06
3.0 2.08806666667e-06
3.0 2.08806666667e-06
3.0 2.08806666667e-06
3.0 2.08806666667e-06
3.0 2.08806666667e-06
3.0 2.08806666667e-06
3.0 2.08806666667e-06
3.0 2.08806666667e-06
3.0 2.08806666667e-06
3.0 2.08806666667e-06
3.0 2.08806666667e-06
3.0 2.08806666667e-06
3.0 2.08806666667e-06
3.0 2.08806666667e-06
3.0 2.08806666667e-06
3.0 2.08806666667e-06
3.0 2.08806666667e-06
3.0 2.08806666667e-06
3.0 2.08806666667e-06
3.0 2.08806666667e-06
3.0 2.08806666667e-06
3.0 2.08806666667e-06
3.0 2.08806666667e-06
3.0 2.08806666667e-06
3.0 2.08806666667e-06
3.0 2.08806666667e-06
3.0 2.08806666667e-06
3.0 2.08806666667e-06
3.0 2.08806666667e-06
3.0 2.08806666667e-06
3.0 2.08806666667e-06
3.0 2.08806666667e-06
3.0 2.08806666667e-06
3.0 2.08806666667e-06
3.0 2.08806666667e-06
3.0 2.08806666667e-06
3.0 2.08806666667e-06
3.0 2.08806666667e-06
3.0 2.08806666667e-06
3.0 2.08806666667e-06
3.0 2.08806666667e-06
3.0 2.08806666667e-06
3.0 2.08806666667e-06
3.0 2.08806666667e-06
3.0 2.08806666667e-06
3.0 2.08806666667e-06
3.0 2.08806666667e-06
3.0 2.08806666667e-06
3.0 2.08806666667e-06
3.0 2.08806666667e-06
3.0 2.08806666667e-06
3.0 2.08806666667e-06
3.0 2.08806666667e-06
3.0 2.08806666667e-06
3.0 2.08806666667e-06
3.0 2.08806666667e-06
3.0 2.08806666667e-06
3.0 2.08806666667e-06
3.0 2.08806666667e-06
3.0 2.08806666667e-06
3.0 2.08806666667e-06
3.0 2.08806666667e-06
3.0 2.08806666667e-06
3.0 2.08806666667e-06
3.0 2.08806666667e-06
3.00000000003 -2.19535666667e-05
3.00000000003 -2.19535666667e-05
3.00000000003 -2.19535666667e-05
3.00000000003 -2.19535666667e-05
3.00000000003 -2.19535666667e-05
3.00000000003 -2.19535666667e-05
3.00000000003 -2.19535666667e-05
3.00000000003 -2.19535666667e-05
3.00000000003 -2.19535666667e-05
3.00000000003 -2.19535666667e-05
3.00000000003 -2.19535666667e-05
3.00000000003 -2.19535666667e-05
3.00000000003 -2.19535666667e-05
3.00000000003 -2.19535666667e-05
3.00000000003 -2.19535666667e-05
3.00000000003 -2.19535666667e-05
3.00000000003 -2.19535666667e-05
3.00000000003 -2.19535666667e-05
3.00000000003 -2.19535666667e-05
3.00000000003 -2.19535666667e-05
3.00000000003 -2.19535666667e-05
3.00000000003 -2.19535666667e-05
3.00000000003 -2.19535666667e-05
3.00000000003 -2.19535666667e-05
3.00000000005 2.09153666667e-06
3.00000000005 2.09153666667e-06
3.00000000005 2.09153666667e-06
3.00000000005 2.09153666667e-06
3.00000000005 2.09153666667e-06
3.00000000005 2.09153666667e-06
3.00000000005 2.09153666667e-06
3.00000000005 2.09153666667e-06
3.00000000005 2.09153666667e-06
3.00000000005 2.09153666667e-06
3.00000000005 2.09153666667e-06
3.00000000005 2.09153666667e-06
3.00000000005 2.09153666667e-06
3.00000000005 2.09153666667e-06
3.00000000005 2.09153666667e-06
3.00000000005 2.09153666667e-06
3.16227766017 1.59377166667e-06
3.16227766017 1.59377166667e-06
3.16227766017 1.59377166667e-06
3.16227766017 1.59377166667e-06
3.16227766017 1.59377166667e-06
3.16227766017 1.59377166667e-06
3.16227766017 1.59377166667e-06
3.16227766017 1.59377166667e-06
3.16227766017 1.59377166667e-06
3.16227766017 1.59377166667e-06
3.16227766017 1.59377166667e-06
3.16227766017 1.59377166667e-06
3.16227766017 1.59377166667e-06
3.16227766017 1.59377166667e-06
3.16227766017 1.59377166667e-06
3.16227766017 1.59377166667e-06
3.16227766017 1.59377166667e-06
3.16227766017 1.59377166667e-06
3.16227766017 1.59377166667e-06
3.16227766017 1.59377166667e-06
3.16227766017 1.59377166667e-06
3.16227766017 1.59377166667e-06
3.16227766017 1.59377166667e-06
3.16227766017 1.59377166667e-06
3.16227766017 1.59377166667e-06
3.16227766017 1.59377166667e-06
3.16227766017 1.59377166667e-06
3.16227766017 1.59377166667e-06
3.16227766017 1.59377166667e-06
3.16227766017 1.59377166667e-06
3.16227766017 1.59377166667e-06
3.16227766017 1.59377166667e-06
3.16227766017 1.59377166667e-06
3.16227766017 1.59377166667e-06
3.16227766017 1.59377166667e-06
3.16227766017 1.59377166667e-06
3.16227766017 1.59377166667e-06
3.16227766017 1.59377166667e-06
3.16227766017 1.59377166667e-06
3.16227766017 1.59377166667e-06
3.16227766017 1.59377166667e-06
3.16227766017 1.59377166667e-06
3.16227766017 1.59377166667e-06
3.16227766017 1.59377166667e-06
3.16227766017 1.59377166667e-06
3.16227766017 1.59377166667e-06
3.16227766017 1.59377166667e-06
3.16227766017 1.59377166667e-06
3.16227766018 1.60909333333e-06
3.16227766018 1.60909333333e-06
3.16227766018 1.60909333333e-06
3.16227766018 1.60909333333e-06
3.16227766018 1.60909333333e-06
3.16227766018 1.60909333333e-06
3.16227766018 1.60909333333e-06
3.16227766018 1.60909333333e-06
3.16227766018 1.60909333333e-06
3.16227766018 1.60909333333e-06
3.16227766018 1.60909333333e-06
3.16227766018 1.60909333333e-06
3.16227766018 1.60909333333e-06
3.16227766018 1.60909333333e-06
3.16227766018 1.60909333333e-06
3.16227766018 1.60909333333e-06
3.16227766018 1.60909333333e-06
3.16227766018 1.60909333333e-06
3.16227766018 1.60909333333e-06
3.16227766018 1.60909333333e-06
3.16227766018 1.60909333333e-06
3.16227766018 1.60909333333e-06
3.16227766018 1.60909333333e-06
3.16227766018 1.60909333333e-06
3.16227766018 1.60909333333e-06
3.16227766018 1.60909333333e-06
3.16227766018 1.60909333333e-06
3.16227766018 1.60909333333e-06
3.16227766018 1.60909333333e-06
3.16227766018 1.60909333333e-06
3.16227766018 1.60909333333e-06
3.16227766018 1.60909333333e-06
3.16227766022 1.58565333333e-06
3.16227766022 1.58565333333e-06
3.16227766022 1.58565333333e-06
3.16227766022 1.58565333333e-06
3.16227766022 1.58565333333e-06
3.16227766022 1.58565333333e-06
3.16227766022 1.58565333333e-06
3.16227766022 1.58565333333e-06
3.16227766022 1.58565333333e-06
3.16227766022 1.58565333333e-06
3.16227766022 1.58565333333e-06
3.16227766022 1.58565333333e-06
3.16227766022 1.58565333333e-06
3.16227766022 1.58565333333e-06
3.16227766022 1.58565333333e-06
3.16227766022 1.58565333333e-06
3.31662479037 3.42508166667e-06
3.31662479037 3.42508166667e-06
3.31662479037 3.42508166667e-06
3.31662479037 3.42508166667e-06
3.31662479037 3.42508166667e-06
3.31662479037 3.42508166667e-06
3.31662479037 3.42508166667e-06
3.31662479037 3.42508166667e-06
3.31662479037 3.42508166667e-06
3.31662479037 3.42508166667e-06
3.31662479037 3.42508166667e-06
3.31662479037 3.42508166667e-06
3.31662479037 3.42508166667e-06
3.31662479037 3.42508166667e-06
3.31662479037 3.42508166667e-06
3.31662479037 3.42508166667e-06
3.31662479037 3.42508166667e-06
3.31662479037 3.42508166667e-06
3.31662479037 3.42508166667e-06
3.31662479037 3.42508166667e-06
3.31662479037 3.42508166667e-06
3.31662479037 3.42508166667e-06
3.31662479037 3.42508166667e-06
3.31662479037 3.42508166667e-06
3.31662479037 3.42508166667e-06
3.31662479037 3.42508166667e-06
3.31662479037 3.42508166667e-06
3.31662479037 3.42508166667e-06
3.31662479037 3.42508166667e-06
3.31662479037 3.42508166667e-06
3.31662479037 3.42508166667e-06
3.31662479037 3.42508166667e-06
3.31662479038 3.42027333333e-06
3.31662479038 3.42027333333e-06
3.31662479038 3.42027333333e-06
3.31662479038 3.42027333333e-06
3.31662479038 3.42027333333e-06
3.31662479038 3.42027333333e-06
3.31662479038 3.42027333333e-06
3.31662479038 3.42027333333e-06
3.31662479038 3.42027333333e-06
3.31662479038 3.42027333333e-06
3.31662479038 3.42027333333e-06
3.31662479038 3.42027333333e-06
3.31662479038 3.42027333333e-06
3.31662479038 3.42027333333e-06
3.31662479038 3.42027333333e-06
3.31662479038 3.42027333333e-06
3.31662479038 3.42027333333e-06
3.31662479038 3.42027333333e-06
3.31662479038 3.42027333333e-06
3.31662479038 3.42027333333e-06
3.31662479038 3.42027333333e-06
3.31662479038 3.42027333333e-06
3.31662479038 3.42027333333e-06
3.31662479038 3.42027333333e-06
3.31662479038 3.42027333333e-06
3.31662479038 3.42027333333e-06
3.31662479038 3.42027333333e-06
3.31662479038 3.42027333333e-06
3.31662479038 3.42027333333e-06
3.31662479038 3.42027333333e-06
3.31662479038 3.42027333333e-06
3.31662479038 3.42027333333e-06
3.31662479038 3.42027333333e-06
3.31662479038 3.42027333333e-06
3.31662479038 3.42027333333e-06
3.31662479038 3.42027333333e-06
3.31662479038 3.42027333333e-06
3.31662479038 3.42027333333e-06
3.31662479038 3.42027333333e-06
3.31662479038 3.42027333333e-06
3.31662479038 3.42027333333e-06
3.31662479038 3.42027333333e-06
3.31662479038 3.42027333333e-06
3.31662479038 3.42027333333e-06
3.31662479038 3.42027333333e-06
3.31662479038 3.42027333333e-06
3.31662479038 3.42027333333e-06
3.31662479038 3.42027333333e-06
3.46410161515 4.70645666667e-06
3.46410161515 4.70645666667e-06
3.46410161515 4.70645666667e-06
3.46410161515 4.70645666667e-06
3.46410161515 4.70645666667e-06
3.46410161515 4.70645666667e-06
3.46410161515 4.70645666667e-06
3.46410161515 4.70645666667e-06
3.46410161515 4.70645666667e-06
3.46410161515 4.70645666667e-06
3.46410161515 4.70645666667e-06
3.46410161515 4.70645666667e-06
3.46410161515 4.70645666667e-06
3.46410161515 4.70645666667e-06
3.46410161515 4.70645666667e-06
3.46410161515 4.70645666667e-06
3.46410161515 4.70645666667e-06
3.46410161515 4.70645666667e-06
3.46410161515 4.70645666667e-06
3.46410161515 4.70645666667e-06
3.46410161515 4.70645666667e-06
3.46410161515 4.70645666667e-06
3.46410161515 4.70645666667e-06
3.46410161515 4.70645666667e-06
3.46410161515 4.70645666667e-06
3.46410161515 4.70645666667e-06
3.46410161515 4.70645666667e-06
3.46410161515 4.70645666667e-06
3.46410161515 4.70645666667e-06
3.46410161515 4.70645666667e-06
3.46410161515 4.70645666667e-06
3.46410161515 4.70645666667e-06
3.46410161515 4.70645666667e-06
3.46410161515 4.70645666667e-06
3.46410161515 4.70645666667e-06
3.46410161515 4.70645666667e-06
3.46410161515 4.70645666667e-06
3.46410161515 4.70645666667e-06
3.46410161515 4.70645666667e-06
3.46410161515 4.70645666667e-06
3.46410161515 4.70645666667e-06
3.46410161515 4.70645666667e-06
3.46410161515 4.70645666667e-06
3.46410161515 4.70645666667e-06
3.46410161515 4.70645666667e-06
3.46410161515 4.70645666667e-06
3.46410161515 4.70645666667e-06
3.46410161515 4.70645666667e-06
3.46410161515 4.70645666667e-06
3.46410161515 4.70645666667e-06
3.46410161515 4.70645666667e-06
3.46410161515 4.70645666667e-06
3.46410161515 4.70645666667e-06
3.46410161515 4.70645666667e-06
3.46410161515 4.70645666667e-06
3.46410161515 4.70645666667e-06
3.46410161515 4.70645666667e-06
3.46410161515 4.70645666667e-06
3.46410161515 4.70645666667e-06
3.46410161515 4.70645666667e-06
3.46410161515 4.70645666667e-06
3.46410161515 4.70645666667e-06
3.46410161515 4.70645666667e-06
3.46410161515 4.70645666667e-06
3.46410161518 4.71269166667e-06
3.46410161518 4.71269166667e-06
3.46410161518 4.71269166667e-06
3.46410161518 4.71269166667e-06
3.46410161518 4.71269166667e-06
3.46410161518 4.71269166667e-06
3.46410161518 4.71269166667e-06
3.46410161518 4.71269166667e-06
3.46410161518 4.71269166667e-06
3.46410161518 4.71269166667e-06
3.46410161518 4.71269166667e-06
3.46410161518 4.71269166667e-06
3.46410161518 4.71269166667e-06
3.46410161518 4.71269166667e-06
3.46410161518 4.71269166667e-06
3.46410161518 4.71269166667e-06
3.60555127546 3.92528016667e-08
3.60555127546 3.92528016667e-08
3.60555127546 3.92528016667e-08
3.60555127546 3.92528016667e-08
3.60555127546 3.92528016667e-08
3.60555127546 3.92528016667e-08
3.60555127546 3.92528016667e-08
3.60555127546 3.92528016667e-08
3.60555127546 3.92528016667e-08
3.60555127546 3.92528016667e-08
3.60555127546 3.92528016667e-08
3.60555127546 3.92528016667e-08
3.60555127546 3.92528016667e-08
3.60555127546 3.92528016667e-08
3.60555127546 3.92528016667e-08
3.60555127546 3.92528016667e-08
3.60555127546 3.92528016667e-08
3.60555127546 3.92528016667e-08
3.60555127546 3.92528016667e-08
3.60555127546 3.92528016667e-08
3.60555127546 3.92528016667e-08
3.60555127546 3.92528016667e-08
3.60555127546 3.92528016667e-08
3.60555127546 3.92528016667e-08
3.60555127546 3.92528016667e-08
3.60555127546 3.92528016667e-08
3.60555127546 3.92528016667e-08
3.60555127546 3.92528016667e-08
3.60555127546 3.92528016667e-08
3.60555127546 3.92528016667e-08
3.60555127546 3.92528016667e-08
3.60555127546 3.92528016667e-08
3.60555127546 3.92528016667e-08
3.60555127546 3.92528016667e-08
3.60555127546 3.92528016667e-08
3.60555127546 3.92528016667e-08
3.60555127546 3.92528016667e-08
3.60555127546 3.92528016667e-08
3.60555127546 3.92528016667e-08
3.60555127546 3.92528016667e-08
3.60555127546 3.92528016667e-08
3.60555127546 3.92528016667e-08
3.60555127546 3.92528016667e-08
3.60555127546 3.92528016667e-08
3.60555127546 3.92528016667e-08
3.60555127546 3.92528016667e-08
3.60555127546 3.92528016667e-08
3.60555127546 3.92528016667e-08
3.60555127547 4.74643e-08
3.60555127547 2.54497e-06
3.60555127547 2.54497e-06
3.60555127547 4.74643e-08
3.60555127547 4.74643e-08
3.60555127547 2.54497e-06
3.60555127547 2.54497e-06
3.60555127547 2.54497e-06
3.60555127547 2.54497e-06
3.60555127547 4.74643e-08
3.60555127547 4.74643e-08
3.60555127547 2.54497e-06
3.60555127547 2.54497e-06
3.60555127547 4.74643e-08
3.60555127547 2.54497e-06
3.60555127547 4.74643e-08
3.60555127547 2.54497e-06
3.60555127547 2.54497e-06
3.60555127547 2.54497e-06
3.60555127547 2.54497e-06
3.60555127547 2.54497e-06
3.60555127547 2.54497e-06
3.60555127547 2.54497e-06
3.60555127547 2.54497e-06
3.60555127547 4.74643e-08
3.60555127547 4.74643e-08
3.60555127547 2.54497e-06
3.60555127547 2.54497e-06
3.60555127547 4.74643e-08
3.60555127547 2.54497e-06
3.60555127547 2.54497e-06
3.60555127547 4.74643e-08
3.60555127547 4.74643e-08
3.60555127547 2.54497e-06
3.60555127547 2.54497e-06
3.60555127547 2.54497e-06
3.60555127547 2.54497e-06
3.60555127547 2.54497e-06
3.60555127547 2.54497e-06
3.60555127547 2.54497e-06
3.60555127547 2.54497e-06
3.60555127547 2.54497e-06
3.60555127547 2.54497e-06
3.60555127547 2.54497e-06
3.60555127547 4.74643e-08
3.60555127547 2.54497e-06
3.60555127547 4.74643e-08
3.60555127547 2.54497e-06
3.60555127547 2.54497e-06
3.60555127547 4.74643e-08
3.60555127547 2.54497e-06
3.60555127547 2.54497e-06
3.60555127547 2.54497e-06
3.60555127547 2.54497e-06
3.60555127547 4.74643e-08
3.60555127547 2.54497e-06
3.60555127547 4.74643e-08
3.60555127547 2.54497e-06
3.60555127547 2.54497e-06
3.60555127547 4.74643e-08
3.60555127547 2.54497e-06
3.60555127547 2.54497e-06
3.60555127547 4.74643e-08
3.60555127547 2.54497e-06
3.60555127547 4.74643e-08
3.60555127547 2.54497e-06
3.60555127547 2.54497e-06
3.60555127547 2.54497e-06
3.60555127547 2.54497e-06
3.60555127547 4.74643e-08
3.60555127547 4.74643e-08
3.60555127547 2.54497e-06
3.60555127547 2.54497e-06
3.60555127547 4.74643e-08
3.60555127547 4.74643e-08
3.60555127547 2.54497e-06
3.60555127547 4.74643e-08
3.60555127547 2.54497e-06
3.60555127547 2.54497e-06
3.60555127547 2.54497e-06
3.60555127547 4.74643e-08
3.60555127547 4.74643e-08
3.60555127547 2.54497e-06
3.60555127547 2.54497e-06
3.60555127547 4.74643e-08
3.60555127547 2.54497e-06
3.60555127547 2.54497e-06
3.60555127547 2.54497e-06
3.60555127547 2.54497e-06
3.60555127547 4.74643e-08
3.60555127547 2.54497e-06
3.60555127547 4.74643e-08
3.60555127547 4.74643e-08
3.60555127547 2.54497e-06
3.60555127547 2.54497e-06
3.60555127547 2.54497e-06
3.60555127547 2.54497e-06
3.60555127547 2.54497e-06
3.60555127547 2.54497e-06
3.60555127547 2.54497e-06
3.60555127547 2.54497e-06
3.60555127547 2.54497e-06
3.60555127547 4.74643e-08
3.60555127547 4.74643e-08
3.60555127547 2.54497e-06
3.60555127547 2.54497e-06
3.60555127547 2.54497e-06
3.60555127547 4.74643e-08
3.60555127547 2.54497e-06
3.60555127547 2.54497e-06
3.60555127547 4.74643e-08
3.60555127547 4.74643e-08
3.60555127547 4.74643e-08
3.60555127547 2.54497e-06
3.60555127547 2.54497e-06
3.60555127547 2.54497e-06
3.60555127547 4.74643e-08
3.60555127547 4.74643e-08
3.60555127547 2.54497e-06
3.60555127547 4.74643e-08
3.60555127549 2.545745e-06
3.60555127549 2.545745e-06
3.60555127549 2.545745e-06
3.60555127549 2.545745e-06
3.60555127549 2.545745e-06
3.60555127549 2.545745e-06
3.60555127549 2.545745e-06
3.60555127549 2.545745e-06
3.60555127549 2.545745e-06
3.60555127549 2.545745e-06
3.60555127549 2.545745e-06
3.60555127549 2.545745e-06
3.60555127549 2.545745e-06
3.60555127549 2.545745e-06
3.60555127549 2.545745e-06
3.60555127549 2.545745e-06
3.60555127549 2.545745e-06
3.60555127549 2.545745e-06
3.60555127549 2.545745e-06
3.60555127549 2.545745e-06
3.60555127549 2.545745e-06
3.60555127549 2.545745e-06
3.60555127549 2.545745e-06
3.60555127549 2.545745e-06
3.60555127549 2.545745e-06
3.60555127549 2.545745e-06
3.60555127549 2.545745e-06
3.60555127549 2.545745e-06
3.60555127549 2.545745e-06
3.60555127549 2.545745e-06
3.60555127549 2.545745e-06
3.60555127549 2.545745e-06
3.60555127549 2.545745e-06
3.60555127549 2.545745e-06
3.60555127549 2.545745e-06
3.60555127549 2.545745e-06
3.60555127549 2.545745e-06
3.60555127549 2.545745e-06
3.60555127549 2.545745e-06
3.60555127549 2.545745e-06
3.60555127549 2.545745e-06
3.60555127549 2.545745e-06
3.60555127549 2.545745e-06
3.60555127549 2.545745e-06
3.60555127549 2.545745e-06
3.60555127549 2.545745e-06
3.60555127549 2.545745e-06
3.60555127549 2.545745e-06
3.60555127551 2.54883666667e-06
3.60555127551 2.54883666667e-06
3.60555127551 2.54883666667e-06
3.60555127551 2.54883666667e-06
3.60555127551 2.54883666667e-06
3.60555127551 2.54883666667e-06
3.60555127551 2.54883666667e-06
3.60555127551 2.54883666667e-06
3.60555127551 2.54883666667e-06
3.60555127551 2.54883666667e-06
3.60555127551 2.54883666667e-06
3.60555127551 2.54883666667e-06
3.60555127551 2.54883666667e-06
3.60555127551 2.54883666667e-06
3.60555127551 2.54883666667e-06
3.60555127551 2.54883666667e-06
3.60555127551 2.54883666667e-06
3.60555127551 2.54883666667e-06
3.60555127551 2.54883666667e-06
3.60555127551 2.54883666667e-06
3.60555127551 2.54883666667e-06
3.60555127551 2.54883666667e-06
3.60555127551 2.54883666667e-06
3.60555127551 2.54883666667e-06
3.60555127551 2.54883666667e-06
3.60555127551 2.54883666667e-06
3.60555127551 2.54883666667e-06
3.60555127551 2.54883666667e-06
3.60555127551 2.54883666667e-06
3.60555127551 2.54883666667e-06
3.60555127551 2.54883666667e-06
3.60555127551 2.54883666667e-06
3.60555127553 4.18722333333e-08
3.60555127553 4.18722333333e-08
3.60555127553 4.18722333333e-08
3.60555127553 4.18722333333e-08
3.60555127553 4.18722333333e-08
3.60555127553 4.18722333333e-08
3.60555127553 4.18722333333e-08
3.60555127553 4.18722333333e-08
3.87298334621 -3.434185e-07
3.87298334621 -3.434185e-07
3.87298334621 -3.434185e-07
3.87298334621 -3.434185e-07
3.87298334621 -3.434185e-07
3.87298334621 -3.434185e-07
3.87298334621 -3.434185e-07
3.87298334621 -3.434185e-07
3.87298334621 -3.434185e-07
3.87298334621 -3.434185e-07
3.87298334621 -3.434185e-07
3.87298334621 -3.434185e-07
3.87298334621 -3.434185e-07
3.87298334621 -3.434185e-07
3.87298334621 -3.434185e-07
3.87298334621 -3.434185e-07
3.87298334621 -3.434185e-07
3.87298334621 -3.434185e-07
3.87298334621 -3.434185e-07
3.87298334621 -3.434185e-07
3.87298334621 -3.434185e-07
3.87298334621 -3.434185e-07
3.87298334621 -3.434185e-07
3.87298334621 -3.434185e-07
3.87298334621 -3.434185e-07
3.87298334621 -3.434185e-07
3.87298334621 -3.434185e-07
3.87298334621 -3.434185e-07
3.87298334621 -3.434185e-07
3.87298334621 -3.434185e-07
3.87298334621 -3.434185e-07
3.87298334621 -3.434185e-07
3.87298334621 -3.434185e-07
3.87298334621 -3.434185e-07
3.87298334621 -3.434185e-07
3.87298334621 -3.434185e-07
3.87298334621 -3.434185e-07
3.87298334621 -3.434185e-07
3.87298334621 -3.434185e-07
3.87298334621 -3.434185e-07
3.87298334621 -3.434185e-07
3.87298334621 -3.434185e-07
3.87298334621 -3.434185e-07
3.87298334621 -3.434185e-07
3.87298334621 -3.434185e-07
3.87298334621 -3.434185e-07
3.87298334621 -3.434185e-07
3.87298334621 -3.434185e-07
3.87298334621 -3.434185e-07
3.87298334621 -3.434185e-07
3.87298334621 -3.434185e-07
3.87298334621 -3.434185e-07
3.87298334621 -3.434185e-07
3.87298334621 -3.434185e-07
3.87298334621 -3.434185e-07
3.87298334621 -3.434185e-07
3.87298334621 -3.434185e-07
3.87298334621 -3.434185e-07
3.87298334621 -3.434185e-07
3.87298334621 -3.434185e-07
3.87298334621 -3.434185e-07
3.87298334621 -3.434185e-07
3.87298334621 -3.434185e-07
3.87298334621 -3.434185e-07
3.87298334621 -3.434185e-07
3.87298334621 -3.434185e-07
3.87298334621 -3.434185e-07
3.87298334621 -3.434185e-07
3.87298334621 -3.434185e-07
3.87298334621 -3.434185e-07
3.87298334621 -3.434185e-07
3.87298334621 -3.434185e-07
3.87298334621 -3.434185e-07
3.87298334621 -3.434185e-07
3.87298334621 -3.434185e-07
3.87298334621 -3.434185e-07
3.87298334621 -3.434185e-07
3.87298334621 -3.434185e-07
3.87298334621 -3.434185e-07
3.87298334621 -3.434185e-07
3.87298334622 -3.39988333333e-07
3.87298334622 -3.39988333333e-07
3.87298334622 -3.39988333333e-07
3.87298334622 -3.39988333333e-07
3.87298334622 -3.39988333333e-07
3.87298334622 -3.39988333333e-07
3.87298334622 -3.39988333333e-07
3.87298334622 -3.39988333333e-07
3.87298334622 -3.39988333333e-07
3.87298334622 -3.39988333333e-07
3.87298334622 -3.39988333333e-07
3.87298334622 -3.39988333333e-07
3.87298334622 -3.39988333333e-07
3.87298334622 -3.39988333333e-07
3.87298334622 -3.39988333333e-07
3.87298334622 -3.39988333333e-07
3.87298334622 -3.39988333333e-07
3.87298334622 -3.39988333333e-07
3.87298334622 -3.39988333333e-07
3.87298334622 -3.39988333333e-07
3.87298334622 -3.39988333333e-07
3.87298334622 -3.39988333333e-07
3.87298334622 -3.39988333333e-07
3.87298334622 -3.39988333333e-07
3.87298334622 -3.39988333333e-07
3.87298334622 -3.39988333333e-07
3.87298334622 -3.39988333333e-07
3.87298334622 -3.39988333333e-07
3.87298334622 -3.39988333333e-07
3.87298334622 -3.39988333333e-07
3.87298334622 -3.39988333333e-07
3.87298334622 -3.39988333333e-07
3.87298334622 -3.39988333333e-07
3.87298334622 -3.39988333333e-07
3.87298334622 -3.39988333333e-07
3.87298334622 -3.39988333333e-07
3.87298334622 -3.39988333333e-07
3.87298334622 -3.39988333333e-07
3.87298334622 -3.39988333333e-07
3.87298334622 -3.39988333333e-07
3.87298334622 -3.39988333333e-07
3.87298334622 -3.39988333333e-07
3.87298334622 -3.39988333333e-07
3.87298334622 -3.39988333333e-07
3.87298334622 -3.39988333333e-07
3.87298334622 -3.39988333333e-07
3.87298334622 -3.39988333333e-07
3.87298334622 -3.39988333333e-07
3.87298334622 -3.39988333333e-07
3.87298334622 -3.39988333333e-07
3.87298334622 -3.39988333333e-07
3.87298334622 -3.39988333333e-07
3.87298334622 -3.39988333333e-07
3.87298334622 -3.39988333333e-07
3.87298334622 -3.39988333333e-07
3.87298334622 -3.39988333333e-07
3.87298334622 -3.39988333333e-07
3.87298334622 -3.39988333333e-07
3.87298334622 -3.39988333333e-07
3.87298334622 -3.39988333333e-07
3.87298334622 -3.39988333333e-07
3.87298334622 -3.39988333333e-07
3.87298334622 -3.39988333333e-07
3.87298334622 -3.39988333333e-07
3.87298334627 -3.401895e-07
3.87298334627 -3.401895e-07
3.87298334627 -3.401895e-07
3.87298334627 -3.401895e-07
3.87298334627 -3.401895e-07
3.87298334627 -3.401895e-07
3.87298334627 -3.401895e-07
3.87298334627 -3.401895e-07
3.87298334627 -3.401895e-07
3.87298334627 -3.401895e-07
3.87298334627 -3.401895e-07
3.87298334627 -3.401895e-07
3.87298334627 -3.401895e-07
3.87298334627 -3.401895e-07
3.87298334627 -3.401895e-07
3.87298334627 -3.401895e-07
4.0 -5.97628333333e-06
4.0 -5.97628333333e-06
4.0 -5.97628333333e-06
4.0 -5.97628333333e-06
4.0 -5.97628333333e-06
4.0 -5.97628333333e-06
4.0 -5.97628333333e-06
4.0 -5.97628333333e-06
4.0 -5.97628333333e-06
4.0 -5.97628333333e-06
4.0 -5.97628333333e-06
4.0 -5.97628333333e-06
4.0 -5.97628333333e-06
4.0 -5.97628333333e-06
4.0 -5.97628333333e-06
4.0 -5.97628333333e-06
4.0 -5.97628333333e-06
4.0 -5.97628333333e-06
4.0 -5.97628333333e-06
4.0 -5.97628333333e-06
4.0 -5.97628333333e-06
4.0 -5.97628333333e-06
4.0 -5.97628333333e-06
4.0 -5.97628333333e-06
4.00000000004 -5.98816666667e-06
4.00000000004 -5.98816666667e-06
4.00000000004 -5.98816666667e-06
4.00000000004 -5.98816666667e-06
4.00000000004 -5.98816666667e-06
4.00000000004 -5.98816666667e-06
4.00000000004 -5.98816666667e-06
4.00000000004 -5.98816666667e-06
4.00000000004 -5.98816666667e-06
4.00000000004 -5.98816666667e-06
4.00000000004 -5.98816666667e-06
4.00000000004 -5.98816666667e-06
4.00000000004 -5.98816666667e-06
4.00000000004 -5.98816666667e-06
4.00000000004 -5.98816666667e-06
4.00000000004 -5.98816666667e-06
