     1  1  0.00150263      10
     1  2  0.00150263       4
     2  1  0.00150263      11
     2  2  0.00150263       6
     3  1  0.00150263      11
     3  2  0.00150263       6
     4  1  0.00150263      11
     4  2  0.00150263       6
     5  1  0.00150263      11
     5  2  0.00150263       6
     6  1  0.00150263      11
     6  2  0.00150263       8
     7  1  0.00150263      11
     7  2  0.00150263       6
     8  1  0.00150263      11
     8  2  0.00150263       6
     9  1  0.00150263      11
     9  2  0.00150263       6
    10  1  0.00150263      11
    10  2  0.00150263       6
    11  1  0.00150263      10
    11  2  0.00150263       4
    12  1  0.00150263      11
    12  2  0.00150263       6
    13  1  0.00150263      11
    13  2  0.00150263       6
    14  1  0.00150263      11
    14  2  0.00150263       6
    15  1  0.00150263      11
    15  2  0.00150263       6
    16  1  0.00150263      11
    16  2  0.00150263       5
    17  1  0.00150263      11
    17  2  0.00150263       6
    18  1  0.00150263      11
    18  2  0.00150263       5
    19  1  0.00150263      11
    19  2  0.00150263       6
    20  1  0.00150263      11
    20  2  0.00150263       6
    21  1  0.00150263      11
    21  2  0.00150263       6
    22  1  0.00150263      11
    22  2  0.00150263       6
    23  1  0.00150263      11
    23  2  0.00150263       6
    24  1  0.00150263      11
    24  2  0.00150263       6
    25  1  0.00150263      11
    25  2  0.00150263       6
    26  1  0.00150263      11
    26  2  0.00150263       6
    27  1  0.00150263      11
    27  2  0.00150263       5
    28  1  0.00150263      11
    28  2  0.00150263       6
    29  1  0.00150263      11
    29  2  0.00150263       5
    30  1  0.00150263      11
    30  2  0.00150263       6
    31  1  0.00150263      11
    31  2  0.00150263       6
    32  1  0.00150263      11
    32  2  0.00150263       6
    33  1  0.00150263      11
    33  2  0.00150263       6
    34  1  0.00150263      11
    34  2  0.00150263       6
    35  1  0.00150263      11
    35  2  0.00150263       6
    36  1  0.00150263      11
    36  2  0.00150263       6
    37  1  0.00150263      11
    37  2  0.00150263       5
    38  1  0.00150263      11
    38  2  0.00150263       6
    39  1  0.00150263      11
    39  2  0.00150263       6
    40  1  0.00150263      11
    40  2  0.00150263       6
    41  1  0.00150263      11
    41  2  0.00150263       5
    42  1  0.00150263      11
    42  2  0.00150263       6
    43  1  0.00150263      11
    43  2  0.00150263       6
    44  1  0.00150263      11
    44  2  0.00150263       6
    45  1  0.00150263      11
    45  2  0.00150263       6
    46  1  0.00150263      11
    46  2  0.00150263       5
    47  1  0.00150263      11
    47  2  0.00150263       5
    48  1  0.00150263      11
    48  2  0.00150263       6
    49  1  0.00150263      11
    49  2  0.00150263       6
    50  1  0.00150263      11
    50  2  0.00150263       6
    51  1  0.00150263      11
    51  2  0.00150263       6
    52  1  0.00150263      11
    52  2  0.00150263       6
    53  1  0.00150263      11
    53  2  0.00150263       5
    54  1  0.00150263      11
    54  2  0.00150263       5
    55  1  0.00150263      11
    55  2  0.00150263       6
    56  1  0.00150263      11
    56  2  0.00150263       8
    57  1  0.00150263      11
    57  2  0.00150263       6
    58  1  0.00150263      11
    58  2  0.00150263       6
    59  1  0.00150263      11
    59  2  0.00150263       6
    60  1  0.00150263      11
    60  2  0.00150263       6
    61  1  0.00075131      11
    61  2  0.00075131       6
    62  1  0.00150263      10
    62  2  0.00150263       6
    63  1  0.00150263      10
    63  2  0.00150263       6
    64  1  0.00150263      11
    64  2  0.00150263       6
    65  1  0.00150263      11
    65  2  0.00150263       6
    66  1  0.00150263      11
    66  2  0.00150263       6
    67  1  0.00150263      11
    67  2  0.00150263       6
    68  1  0.00150263      11
    68  2  0.00150263       6
    69  1  0.00150263      11
    69  2  0.00150263       6
    70  1  0.00150263      11
    70  2  0.00150263       6
    71  1  0.00150263      10
    71  2  0.00150263       6
    72  1  0.00150263      10
    72  2  0.00150263       6
    73  1  0.00150263      10
    73  2  0.00150263       6
    74  1  0.00150263      11
    74  2  0.00150263       6
    75  1  0.00150263      11
    75  2  0.00150263       6
    76  1  0.00150263      11
    76  2  0.00150263       6
    77  1  0.00150263      11
    77  2  0.00150263       6
    78  1  0.00150263      11
    78  2  0.00150263       5
    79  1  0.00150263      11
    79  2  0.00150263       6
    80  1  0.00150263      11
    80  2  0.00150263       6
    81  1  0.00150263      11
    81  2  0.00150263       6
    82  1  0.00150263      11
    82  2  0.00150263       6
    83  1  0.00150263      10
    83  2  0.00150263       6
    84  1  0.00150263      11
    84  2  0.00150263       6
    85  1  0.00150263      11
    85  2  0.00150263       6
    86  1  0.00150263      11
    86  2  0.00150263       6
    87  1  0.00150263      11
    87  2  0.00150263       6
    88  1  0.00150263      11
    88  2  0.00150263       5
    89  1  0.00150263      11
    89  2  0.00150263       5
    90  1  0.00150263      11
    90  2  0.00150263       5
    91  1  0.00150263      11
    91  2  0.00150263       6
    92  1  0.00150263      11
    92  2  0.00150263       6
    93  1  0.00150263      11
    93  2  0.00150263       6
    94  1  0.00150263      11
    94  2  0.00150263       6
    95  1  0.00150263      11
    95  2  0.00150263       6
    96  1  0.00150263      11
    96  2  0.00150263       6
    97  1  0.00150263      11
    97  2  0.00150263       6
    98  1  0.00150263      11
    98  2  0.00150263       5
    99  1  0.00150263      11
    99  2  0.00150263       6
   100  1  0.00150263      11
   100  2  0.00150263       6
   101  1  0.00150263      11
   101  2  0.00150263       6
   102  1  0.00150263      11
   102  2  0.00150263       5
   103  1  0.00150263      11
   103  2  0.00150263       6
   104  1  0.00150263      11
   104  2  0.00150263       6
   105  1  0.00150263      11
   105  2  0.00150263       6
   106  1  0.00150263      11
   106  2  0.00150263       6
   107  1  0.00150263      11
   107  2  0.00150263       6
   108  1  0.00150263      11
   108  2  0.00150263       5
   109  1  0.00150263      11
   109  2  0.00150263       6
   110  1  0.00150263      11
   110  2  0.00150263       6
   111  1  0.00150263      11
   111  2  0.00150263       6
   112  1  0.00150263      11
   112  2  0.00150263       6
   113  1  0.00150263      11
   113  2  0.00150263       6
   114  1  0.00150263      11
   114  2  0.00150263       5
   115  1  0.00150263      11
   115  2  0.00150263       6
   116  1  0.00150263      11
   116  2  0.00150263       6
   117  1  0.00150263      11
   117  2  0.00150263       6
   118  1  0.00150263      11
   118  2  0.00150263       5
   119  1  0.00150263      11
   119  2  0.00150263       5
   120  1  0.00150263      11
   120  2  0.00150263       6
   121  1  0.00150263      11
   121  2  0.00150263       6
   122  1  0.00150263      11
   122  2  0.00150263       6
   123  1  0.00150263      11
   123  2  0.00150263       6
   124  1  0.00150263      11
   124  2  0.00150263       6
   125  1  0.00150263      11
   125  2  0.00150263       5
   126  1  0.00150263      11
   126  2  0.00150263       5
   127  1  0.00150263      11
   127  2  0.00150263       6
   128  1  0.00150263      11
   128  2  0.00150263       6
   129  1  0.00150263      11
   129  2  0.00150263       6
   130  1  0.00150263      11
   130  2  0.00150263       5
   131  1  0.00150263      11
   131  2  0.00150263       6
   132  1  0.00150263      11
   132  2  0.00150263       6
   133  1  0.00150263      11
   133  2  0.00150263       6
   134  1  0.00150263      11
   134  2  0.00150263       6
   135  1  0.00150263      11
   135  2  0.00150263       6
   136  1  0.00150263      11
   136  2  0.00150263       5
   137  1  0.00150263      11
   137  2  0.00150263       6
   138  1  0.00150263      11
   138  2  0.00150263       6
   139  1  0.00150263      11
   139  2  0.00150263       6
   140  1  0.00150263      11
   140  2  0.00150263       6
   141  1  0.00150263      11
   141  2  0.00150263       6
   142  1  0.00150263      11
   142  2  0.00150263       5
   143  1  0.00150263      11
   143  2  0.00150263       6
   144  1  0.00150263      11
   144  2  0.00150263       6
   145  1  0.00150263      11
   145  2  0.00150263       6
   146  1  0.00150263      11
   146  2  0.00150263       5
   147  1  0.00150263      11
   147  2  0.00150263       6
   148  1  0.00150263      11
   148  2  0.00150263       6
   149  1  0.00150263      11
   149  2  0.00150263       6
   150  1  0.00150263      11
   150  2  0.00150263       6
   151  1  0.00150263      11
   151  2  0.00150263       6
   152  1  0.00150263      11
   152  2  0.00150263       6
   153  1  0.00150263      11
   153  2  0.00150263       6
   154  1  0.00150263      11
   154  2  0.00150263       5
   155  1  0.00150263      11
   155  2  0.00150263       5
   156  1  0.00150263      11
   156  2  0.00150263       5
   157  1  0.00150263      11
   157  2  0.00150263       6
   158  1  0.00150263      11
   158  2  0.00150263       6
   159  1  0.00150263      11
   159  2  0.00150263       6
   160  1  0.00150263      11
   160  2  0.00150263       6
   161  1  0.00150263      10
   161  2  0.00150263       6
   162  1  0.00150263      11
   162  2  0.00150263       6
   163  1  0.00150263      11
   163  2  0.00150263       6
   164  1  0.00150263      11
   164  2  0.00150263       6
   165  1  0.00150263      11
   165  2  0.00150263       6
   166  1  0.00150263      11
   166  2  0.00150263       5
   167  1  0.00150263      11
   167  2  0.00150263       6
   168  1  0.00150263      11
   168  2  0.00150263       6
   169  1  0.00150263      11
   169  2  0.00150263       6
   170  1  0.00150263      11
   170  2  0.00150263       6
   171  1  0.00150263      10
   171  2  0.00150263       6
   172  1  0.00150263      10
   172  2  0.00150263       6
   173  1  0.00150263      10
   173  2  0.00150263       6
   174  1  0.00150263      11
   174  2  0.00150263       6
   175  1  0.00150263      11
   175  2  0.00150263       6
   176  1  0.00150263      11
   176  2  0.00150263       6
   177  1  0.00150263      11
   177  2  0.00150263       6
   178  1  0.00150263      11
   178  2  0.00150263       6
   179  1  0.00150263      11
   179  2  0.00150263       6
   180  1  0.00150263      11
   180  2  0.00150263       6
   181  1  0.00150263      10
   181  2  0.00150263       6
   182  1  0.00150263      10
   182  2  0.00150263       6
   183  1  0.00150263      10
   183  2  0.00150263       6
   184  1  0.00150263      10
   184  2  0.00150263       6
   185  1  0.00150263      10
   185  2  0.00150263       6
   186  1  0.00150263      10
   186  2  0.00150263       6
   187  1  0.00150263      11
   187  2  0.00150263       6
   188  1  0.00150263      11
   188  2  0.00150263       6
   189  1  0.00150263      11
   189  2  0.00150263       6
   190  1  0.00150263      10
   190  2  0.00150263       6
   191  1  0.00150263      10
   191  2  0.00150263       6
   192  1  0.00150263      10
   192  2  0.00150263       6
   193  1  0.00150263      10
   193  2  0.00150263       6
   194  1  0.00150263      10
   194  2  0.00150263       6
   195  1  0.00150263      10
   195  2  0.00150263       6
   196  1  0.00150263      11
   196  2  0.00150263       6
   197  1  0.00150263      11
   197  2  0.00150263       6
   198  1  0.00150263      11
   198  2  0.00150263       6
   199  1  0.00150263      11
   199  2  0.00150263       6
   200  1  0.00150263      11
   200  2  0.00150263       6
   201  1  0.00150263      11
   201  2  0.00150263       6
   202  1  0.00150263      11
   202  2  0.00150263       6
   203  1  0.00150263      10
   203  2  0.00150263       6
   204  1  0.00150263      10
   204  2  0.00150263       6
   205  1  0.00150263      10
   205  2  0.00150263       6
   206  1  0.00150263      11
   206  2  0.00150263       6
   207  1  0.00150263      11
   207  2  0.00150263       6
   208  1  0.00150263      11
   208  2  0.00150263       6
   209  1  0.00150263      11
   209  2  0.00150263       6
   210  1  0.00150263      11
   210  2  0.00150263       6
   211  1  0.00150263      11
   211  2  0.00150263       6
   212  1  0.00150263      11
   212  2  0.00150263       6
   213  1  0.00150263      11
   213  2  0.00150263       6
   214  1  0.00150263      11
   214  2  0.00150263       6
   215  1  0.00150263      10
   215  2  0.00150263       6
   216  1  0.00150263      10
   216  2  0.00150263       6
   217  1  0.00150263      11
   217  2  0.00150263       6
   218  1  0.00150263      11
   218  2  0.00150263       6
   219  1  0.00150263      11
   219  2  0.00150263       6
   220  1  0.00150263      11
   220  2  0.00150263       5
   221  1  0.00150263      11
   221  2  0.00150263       5
   222  1  0.00150263      11
   222  2  0.00150263       5
   223  1  0.00150263      11
   223  2  0.00150263       6
   224  1  0.00150263      11
   224  2  0.00150263       6
   225  1  0.00150263      11
   225  2  0.00150263       6
   226  1  0.00150263      10
   226  2  0.00150263       6
   227  1  0.00150263      11
   227  2  0.00150263       6
   228  1  0.00150263      11
   228  2  0.00150263       6
   229  1  0.00150263      11
   229  2  0.00150263       6
   230  1  0.00150263      11
   230  2  0.00150263       5
   231  1  0.00150263      11
   231  2  0.00150263       6
   232  1  0.00150263      11
   232  2  0.00150263       6
   233  1  0.00150263      11
   233  2  0.00150263       6
   234  1  0.00150263      11
   234  2  0.00150263       5
   235  1  0.00150263      11
   235  2  0.00150263       6
   236  1  0.00150263      11
   236  2  0.00150263       6
   237  1  0.00150263      11
   237  2  0.00150263       6
   238  1  0.00150263      11
   238  2  0.00150263       6
   239  1  0.00150263      11
   239  2  0.00150263       6
   240  1  0.00150263      11
   240  2  0.00150263       6
   241  1  0.00150263      11
   241  2  0.00150263       5
   242  1  0.00150263      11
   242  2  0.00150263       6
   243  1  0.00150263      11
   243  2  0.00150263       6
   244  1  0.00150263      11
   244  2  0.00150263       6
   245  1  0.00150263      11
   245  2  0.00150263       5
   246  1  0.00150263      11
   246  2  0.00150263       6
   247  1  0.00150263      11
   247  2  0.00150263       6
   248  1  0.00150263      11
   248  2  0.00150263       6
   249  1  0.00150263      11
   249  2  0.00150263       6
   250  1  0.00150263      11
   250  2  0.00150263       6
   251  1  0.00150263      11
   251  2  0.00150263       6
   252  1  0.00150263      11
   252  2  0.00150263       5
   253  1  0.00150263      11
   253  2  0.00150263       6
   254  1  0.00150263      11
   254  2  0.00150263       6
   255  1  0.00150263      11
   255  2  0.00150263       6
   256  1  0.00150263      11
   256  2  0.00150263       5
   257  1  0.00150263      11
   257  2  0.00150263       6
   258  1  0.00150263      11
   258  2  0.00150263       6
   259  1  0.00150263      11
   259  2  0.00150263       6
   260  1  0.00150263      10
   260  2  0.00150263       6
   261  1  0.00150263      11
   261  2  0.00150263       6
   262  1  0.00150263      11
   262  2  0.00150263       6
   263  1  0.00150263      11
   263  2  0.00150263       6
   264  1  0.00150263      11
   264  2  0.00150263       5
   265  1  0.00150263      11
   265  2  0.00150263       5
   266  1  0.00150263      11
   266  2  0.00150263       5
   267  1  0.00150263      11
   267  2  0.00150263       6
   268  1  0.00150263      11
   268  2  0.00150263       6
   269  1  0.00150263      11
   269  2  0.00150263       6
   270  1  0.00150263      10
   270  2  0.00150263       6
   271  1  0.00150263      10
   271  2  0.00150263       6
   272  1  0.00150263      11
   272  2  0.00150263       6
   273  1  0.00150263      11
   273  2  0.00150263       6
   274  1  0.00150263      11
   274  2  0.00150263       6
   275  1  0.00150263      11
   275  2  0.00150263       6
   276  1  0.00150263      11
   276  2  0.00150263       6
   277  1  0.00150263      11
   277  2  0.00150263       6
   278  1  0.00150263      11
   278  2  0.00150263       6
   279  1  0.00150263      11
   279  2  0.00150263       6
   280  1  0.00150263      11
   280  2  0.00150263       6
   281  1  0.00150263      10
   281  2  0.00150263       6
   282  1  0.00150263      10
   282  2  0.00150263       6
   283  1  0.00150263      10
   283  2  0.00150263       6
   284  1  0.00150263      11
   284  2  0.00150263       6
   285  1  0.00150263      11
   285  2  0.00150263       6
   286  1  0.00150263      11
   286  2  0.00150263       6
   287  1  0.00150263      11
   287  2  0.00150263       6
   288  1  0.00150263      11
   288  2  0.00150263       6
   289  1  0.00150263      11
   289  2  0.00150263       6
   290  1  0.00150263      11
   290  2  0.00150263       6
   291  1  0.00150263      10
   291  2  0.00150263       6
   292  1  0.00150263      10
   292  2  0.00150263       6
   293  1  0.00150263      10
   293  2  0.00150263       6
   294  1  0.00150263      10
   294  2  0.00150263       6
   295  1  0.00150263      10
   295  2  0.00150263       6
   296  1  0.00150263      10
   296  2  0.00150263       6
   297  1  0.00150263      11
   297  2  0.00150263       6
   298  1  0.00150263      11
   298  2  0.00150263       6
   299  1  0.00150263      11
   299  2  0.00150263       6
   300  1  0.00150263      10
   300  2  0.00150263       6
   301  1  0.00150263      10
   301  2  0.00150263       6
   302  1  0.00150263      10
   302  2  0.00150263       6
   303  1  0.00150263      10
   303  2  0.00150263       6
   304  1  0.00150263      10
   304  2  0.00150263       6
   305  1  0.00150263      10
   305  2  0.00150263       6
   306  1  0.00150263      10
   306  2  0.00150263       6
   307  1  0.00150263      10
   307  2  0.00150263       6
   308  1  0.00150263      11
   308  2  0.00150263       6
   309  1  0.00150263      11
   309  2  0.00150263       6
   310  1  0.00150263      11
   310  2  0.00150263       6
   311  1  0.00150263      10
   311  2  0.00150263       6
   312  1  0.00150263      10
   312  2  0.00150263       6
   313  1  0.00150263      10
   313  2  0.00150263       6
   314  1  0.00150263      10
   314  2  0.00150263       6
   315  1  0.00150263      10
   315  2  0.00150263       6
   316  1  0.00150263      10
   316  2  0.00150263       6
   317  1  0.00150263      10
   317  2  0.00150263       6
   318  1  0.00150263      11
   318  2  0.00150263       6
   319  1  0.00150263      11
   319  2  0.00150263       6
   320  1  0.00150263      11
   320  2  0.00150263       6
   321  1  0.00150263      11
   321  2  0.00150263       6
   322  1  0.00150263      11
   322  2  0.00150263       6
   323  1  0.00150263      10
   323  2  0.00150263       6
   324  1  0.00150263      10
   324  2  0.00150263       6
   325  1  0.00150263      10
   325  2  0.00150263       6
   326  1  0.00150263      10
   326  2  0.00150263       6
   327  1  0.00150263      10
   327  2  0.00150263       6
   328  1  0.00150263      11
   328  2  0.00150263       6
   329  1  0.00150263      11
   329  2  0.00150263       6
   330  1  0.00150263      11
   330  2  0.00150263       6
   331  1  0.00150263      11
   331  2  0.00150263       6
   332  1  0.00150263      11
   332  2  0.00150263       6
   333  1  0.00150263      11
   333  2  0.00150263       6
   334  1  0.00150263      11
   334  2  0.00150263       6
   335  1  0.00150263      10
   335  2  0.00150263       6
   336  1  0.00150263      10
   336  2  0.00150263       6
   337  1  0.00150263      10
   337  2  0.00150263       6
   338  1  0.00150263      11
   338  2  0.00150263       6
   339  1  0.00150263      11
   339  2  0.00150263       6
   340  1  0.00150263      11
   340  2  0.00150263       6
   341  1  0.00150263      11
   341  2  0.00150263       6
   342  1  0.00150263      11
   342  2  0.00150263       6
   343  1  0.00150263      11
   343  2  0.00150263       6
   344  1  0.00150263      11
   344  2  0.00150263       6
   345  1  0.00150263      11
   345  2  0.00150263       6
   346  1  0.00150263      11
   346  2  0.00150263       6
   347  1  0.00150263      10
   347  2  0.00150263       6
   348  1  0.00150263      11
   348  2  0.00150263       6
   349  1  0.00150263      11
   349  2  0.00150263       6
   350  1  0.00150263      11
   350  2  0.00150263       6
   351  1  0.00150263      11
   351  2  0.00150263       6
   352  1  0.00150263      11
   352  2  0.00150263       5
   353  1  0.00150263      11
   353  2  0.00150263       5
   354  1  0.00150263      11
   354  2  0.00150263       5
   355  1  0.00150263      11
   355  2  0.00150263       6
   356  1  0.00150263      11
   356  2  0.00150263       6
   357  1  0.00150263      11
   357  2  0.00150263       6
   358  1  0.00150263      11
   358  2  0.00150263       6
   359  1  0.00150263      11
   359  2  0.00150263       6
   360  1  0.00150263      11
   360  2  0.00150263       6
   361  1  0.00150263      11
   361  2  0.00150263       6
   362  1  0.00150263      11
   362  2  0.00150263       6
   363  1  0.00150263      11
   363  2  0.00150263       5
   364  1  0.00150263      11
   364  2  0.00150263       6
   365  1  0.00150263      11
   365  2  0.00150263       5
   366  1  0.00150263      11
   366  2  0.00150263       6
   367  1  0.00150263      11
   367  2  0.00150263       6
   368  1  0.00150263      11
   368  2  0.00150263       6
   369  1  0.00150263      11
   369  2  0.00150263       6
   370  1  0.00150263      11
   370  2  0.00150263       6
   371  1  0.00150263      11
   371  2  0.00150263       6
   372  1  0.00150263      11
   372  2  0.00150263       6
   373  1  0.00150263      11
   373  2  0.00150263       6
   374  1  0.00150263      11
   374  2  0.00150263       5
   375  1  0.00150263      11
   375  2  0.00150263       5
   376  1  0.00150263      11
   376  2  0.00150263       5
   377  1  0.00150263      11
   377  2  0.00150263       6
   378  1  0.00150263      11
   378  2  0.00150263       6
   379  1  0.00150263      11
   379  2  0.00150263       6
   380  1  0.00150263      11
   380  2  0.00150263       6
   381  1  0.00150263      10
   381  2  0.00150263       6
   382  1  0.00150263      11
   382  2  0.00150263       6
   383  1  0.00150263      11
   383  2  0.00150263       6
   384  1  0.00150263      11
   384  2  0.00150263       6
   385  1  0.00150263      11
   385  2  0.00150263       6
   386  1  0.00150263      11
   386  2  0.00150263       6
   387  1  0.00150263      11
   387  2  0.00150263       6
   388  1  0.00150263      11
   388  2  0.00150263       6
   389  1  0.00150263      11
   389  2  0.00150263       6
   390  1  0.00150263      11
   390  2  0.00150263       6
   391  1  0.00150263      10
   391  2  0.00150263       6
   392  1  0.00150263      10
   392  2  0.00150263       6
   393  1  0.00150263      10
   393  2  0.00150263       6
   394  1  0.00150263      11
   394  2  0.00150263       6
   395  1  0.00150263      11
   395  2  0.00150263       6
   396  1  0.00150263      11
   396  2  0.00150263       6
   397  1  0.00150263      11
   397  2  0.00150263       6
   398  1  0.00150263      11
   398  2  0.00150263       6
   399  1  0.00150263      11
   399  2  0.00150263       6
   400  1  0.00150263      11
   400  2  0.00150263       6
   401  1  0.00150263      10
   401  2  0.00150263       6
   402  1  0.00150263      10
   402  2  0.00150263       6
   403  1  0.00150263      10
   403  2  0.00150263       6
   404  1  0.00150263      10
   404  2  0.00150263       6
   405  1  0.00150263      10
   405  2  0.00150263       6
   406  1  0.00150263      11
   406  2  0.00150263       6
   407  1  0.00150263      11
   407  2  0.00150263       6
   408  1  0.00150263      11
   408  2  0.00150263       6
   409  1  0.00150263      11
   409  2  0.00150263       6
   410  1  0.00150263      11
   410  2  0.00150263       6
   411  1  0.00150263      10
   411  2  0.00150263       6
   412  1  0.00150263      10
   412  2  0.00150263       6
   413  1  0.00150263      10
   413  2  0.00150263       6
   414  1  0.00150263      10
   414  2  0.00150263       6
   415  1  0.00150263      10
   415  2  0.00150263       6
   416  1  0.00150263      10
   416  2  0.00150263       6
   417  1  0.00150263      10
   417  2  0.00150263       6
   418  1  0.00150263      11
   418  2  0.00150263       6
   419  1  0.00150263      11
   419  2  0.00150263       6
   420  1  0.00150263      11
   420  2  0.00150263       6
   421  1  0.00150263      10
   421  2  0.00150263       6
   422  1  0.00150263      10
   422  2  0.00150263       6
   423  1  0.00150263      10
   423  2  0.00150263       6
   424  1  0.00150263      10
   424  2  0.00150263       6
   425  1  0.00150263      10
   425  2  0.00150263       6
   426  1  0.00150263      10
   426  2  0.00150263       6
   427  1  0.00150263      10
   427  2  0.00150263       6
   428  1  0.00150263      10
   428  2  0.00150263       6
   429  1  0.00150263      10
   429  2  0.00150263       6
   430  1  0.00150263      11
   430  2  0.00150263       6
   431  1  0.00150263      10
   431  2  0.00150263       6
   432  1  0.00150263      10
   432  2  0.00150263       6
   433  1  0.00150263      10
   433  2  0.00150263       6
   434  1  0.00150263      10
   434  2  0.00150263       6
   435  1  0.00150263      10
   435  2  0.00150263       6
   436  1  0.00150263      10
   436  2  0.00150263       6
   437  1  0.00150263      10
   437  2  0.00150263       6
   438  1  0.00150263      10
   438  2  0.00150263       6
   439  1  0.00150263      10
   439  2  0.00150263       6
   440  1  0.00150263      11
   440  2  0.00150263       6
   441  1  0.00150263      11
   441  2  0.00150263       6
   442  1  0.00150263      11
   442  2  0.00150263       6
   443  1  0.00150263      10
   443  2  0.00150263       6
   444  1  0.00150263      10
   444  2  0.00150263       6
   445  1  0.00150263      10
   445  2  0.00150263       6
   446  1  0.00150263      10
   446  2  0.00150263       6
   447  1  0.00150263      10
   447  2  0.00150263       6
   448  1  0.00150263      10
   448  2  0.00150263       6
   449  1  0.00150263      10
   449  2  0.00150263       6
   450  1  0.00150263      11
   450  2  0.00150263       6
   451  1  0.00150263      11
   451  2  0.00150263       6
   452  1  0.00150263      11
   452  2  0.00150263       6
   453  1  0.00150263      11
   453  2  0.00150263       6
   454  1  0.00150263      11
   454  2  0.00150263       6
   455  1  0.00150263      10
   455  2  0.00150263       6
   456  1  0.00150263      10
   456  2  0.00150263       6
   457  1  0.00150263      10
   457  2  0.00150263       6
   458  1  0.00150263      10
   458  2  0.00150263       6
   459  1  0.00150263      10
   459  2  0.00150263       6
   460  1  0.00150263      11
   460  2  0.00150263       6
   461  1  0.00150263      11
   461  2  0.00150263       6
   462  1  0.00150263      11
   462  2  0.00150263       6
   463  1  0.00150263      11
   463  2  0.00150263       6
   464  1  0.00150263      11
   464  2  0.00150263       6
   465  1  0.00150263      11
   465  2  0.00150263       6
   466  1  0.00150263      11
   466  2  0.00150263       6
   467  1  0.00150263      10
   467  2  0.00150263       6
   468  1  0.00150263      10
   468  2  0.00150263       6
   469  1  0.00150263      10
   469  2  0.00150263       6
   470  1  0.00150263      11
   470  2  0.00150263       6
   471  1  0.00150263      11
   471  2  0.00150263       6
   472  1  0.00150263      11
   472  2  0.00150263       6
   473  1  0.00150263      11
   473  2  0.00150263       6
   474  1  0.00150263      11
   474  2  0.00150263       5
   475  1  0.00150263      11
   475  2  0.00150263       6
   476  1  0.00150263      11
   476  2  0.00150263       6
   477  1  0.00150263      11
   477  2  0.00150263       6
   478  1  0.00150263      11
   478  2  0.00150263       6
   479  1  0.00150263      10
   479  2  0.00150263       6
   480  1  0.00150263      11
   480  2  0.00150263       6
   481  1  0.00150263      11
   481  2  0.00150263       6
   482  1  0.00150263      11
   482  2  0.00150263       6
   483  1  0.00150263      11
   483  2  0.00150263       6
   484  1  0.00150263      11
   484  2  0.00150263       5
   485  1  0.00150263      11
   485  2  0.00150263       6
   486  1  0.00150263      11
   486  2  0.00150263       5
   487  1  0.00150263      11
   487  2  0.00150263       6
   488  1  0.00150263      11
   488  2  0.00150263       6
   489  1  0.00150263      11
   489  2  0.00150263       6
   490  1  0.00150263      11
   490  2  0.00150263       6
   491  1  0.00150263      10
   491  2  0.00150263       6
   492  1  0.00150263      11
   492  2  0.00150263       6
   493  1  0.00150263      11
   493  2  0.00150263       6
   494  1  0.00150263      11
   494  2  0.00150263       6
   495  1  0.00150263      11
   495  2  0.00150263       6
   496  1  0.00150263      11
   496  2  0.00150263       5
   497  1  0.00150263      11
   497  2  0.00150263       6
   498  1  0.00150263      11
   498  2  0.00150263       6
   499  1  0.00150263      11
   499  2  0.00150263       6
   500  1  0.00150263      11
   500  2  0.00150263       6
   501  1  0.00150263      10
   501  2  0.00150263       6
   502  1  0.00150263      10
   502  2  0.00150263       6
   503  1  0.00150263      10
   503  2  0.00150263       6
   504  1  0.00150263      11
   504  2  0.00150263       6
   505  1  0.00150263      11
   505  2  0.00150263       6
   506  1  0.00150263      11
   506  2  0.00150263       6
   507  1  0.00150263      11
   507  2  0.00150263       6
   508  1  0.00150263      11
   508  2  0.00150263       6
   509  1  0.00150263      11
   509  2  0.00150263       6
   510  1  0.00150263      11
   510  2  0.00150263       6
   511  1  0.00150263      10
   511  2  0.00150263       6
   512  1  0.00150263      10
   512  2  0.00150263       6
   513  1  0.00150263      10
   513  2  0.00150263       6
   514  1  0.00150263      10
   514  2  0.00150263       6
   515  1  0.00150263      10
   515  2  0.00150263       6
   516  1  0.00150263      11
   516  2  0.00150263       6
   517  1  0.00150263      11
   517  2  0.00150263       6
   518  1  0.00150263      11
   518  2  0.00150263       6
   519  1  0.00150263      11
   519  2  0.00150263       6
   520  1  0.00150263      11
   520  2  0.00150263       6
   521  1  0.00150263      10
   521  2  0.00150263       6
   522  1  0.00150263      10
   522  2  0.00150263       6
   523  1  0.00150263      10
   523  2  0.00150263       6
   524  1  0.00150263      10
   524  2  0.00150263       6
   525  1  0.00150263      10
   525  2  0.00150263       6
   526  1  0.00150263      10
   526  2  0.00150263       6
   527  1  0.00150263      10
   527  2  0.00150263       6
   528  1  0.00150263      11
   528  2  0.00150263       6
   529  1  0.00150263      11
   529  2  0.00150263       6
   530  1  0.00150263      11
   530  2  0.00150263       6
   531  1  0.00150263      10
   531  2  0.00150263       6
   532  1  0.00150263      10
   532  2  0.00150263       6
   533  1  0.00150263      10
   533  2  0.00150263       6
   534  1  0.00150263      10
   534  2  0.00150263       6
   535  1  0.00150263      10
   535  2  0.00150263       6
   536  1  0.00150263      10
   536  2  0.00150263       6
   537  1  0.00150263      10
   537  2  0.00150263       6
   538  1  0.00150263      10
   538  2  0.00150263       6
   539  1  0.00150263      10
   539  2  0.00150263       6
   540  1  0.00150263      11
   540  2  0.00150263       6
   541  1  0.00150263      10
   541  2  0.00150263       6
   542  1  0.00150263      10
   542  2  0.00150263       6
   543  1  0.00150263      10
   543  2  0.00150263       6
   544  1  0.00150263      10
   544  2  0.00150263       6
   545  1  0.00150263      10
   545  2  0.00150263       6
   546  1  0.00150263      10
   546  2  0.00150263       6
   547  1  0.00150263      10
   547  2  0.00150263       6
   548  1  0.00150263      10
   548  2  0.00150263       6
   549  1  0.00150263      10
   549  2  0.00150263       6
   550  1  0.00150263      10
   550  2  0.00150263       6
   551  1  0.00150263      10
   551  2  0.00150263       4
   552  1  0.00150263      10
   552  2  0.00150263       6
   553  1  0.00150263      10
   553  2  0.00150263       6
   554  1  0.00150263      10
   554  2  0.00150263       6
   555  1  0.00150263      10
   555  2  0.00150263       6
   556  1  0.00150263      10
   556  2  0.00150263       6
   557  1  0.00150263      10
   557  2  0.00150263       6
   558  1  0.00150263      10
   558  2  0.00150263       6
   559  1  0.00150263      10
   559  2  0.00150263       6
   560  1  0.00150263      10
   560  2  0.00150263       6
   561  1  0.00150263      10
   561  2  0.00150263       6
   562  1  0.00150263      11
   562  2  0.00150263       6
   563  1  0.00150263      10
   563  2  0.00150263       6
   564  1  0.00150263      10
   564  2  0.00150263       6
   565  1  0.00150263      10
   565  2  0.00150263       6
   566  1  0.00150263      10
   566  2  0.00150263       6
   567  1  0.00150263      10
   567  2  0.00150263       6
   568  1  0.00150263      10
   568  2  0.00150263       6
   569  1  0.00150263      10
   569  2  0.00150263       6
   570  1  0.00150263      10
   570  2  0.00150263       6
   571  1  0.00150263      10
   571  2  0.00150263       6
   572  1  0.00150263      11
   572  2  0.00150263       6
   573  1  0.00150263      11
   573  2  0.00150263       6
   574  1  0.00150263      11
   574  2  0.00150263       6
   575  1  0.00150263      10
   575  2  0.00150263       6
   576  1  0.00150263      10
   576  2  0.00150263       6
   577  1  0.00150263      10
   577  2  0.00150263       6
   578  1  0.00150263      10
   578  2  0.00150263       6
   579  1  0.00150263      10
   579  2  0.00150263       6
   580  1  0.00150263      10
   580  2  0.00150263       6
   581  1  0.00150263      10
   581  2  0.00150263       6
   582  1  0.00150263      10
   582  2  0.00150263       6
   583  1  0.00150263      11
   583  2  0.00150263       6
   584  1  0.00150263      11
   584  2  0.00150263       6
   585  1  0.00150263      11
   585  2  0.00150263       6
   586  1  0.00150263      10
   586  2  0.00150263       6
   587  1  0.00150263      10
   587  2  0.00150263       6
   588  1  0.00150263      10
   588  2  0.00150263       6
   589  1  0.00150263      10
   589  2  0.00150263       6
   590  1  0.00150263      10
   590  2  0.00150263       6
   591  1  0.00150263      10
   591  2  0.00150263       6
   592  1  0.00150263      11
   592  2  0.00150263       6
   593  1  0.00150263      11
   593  2  0.00150263       6
   594  1  0.00150263      11
   594  2  0.00150263       6
   595  1  0.00150263      11
   595  2  0.00150263       6
   596  1  0.00150263      11
   596  2  0.00150263       6
   597  1  0.00150263      11
   597  2  0.00150263       6
   598  1  0.00150263      11
   598  2  0.00150263       6
   599  1  0.00150263      10
   599  2  0.00150263       6
   600  1  0.00150263      10
   600  2  0.00150263       6
   601  1  0.00150263      10
   601  2  0.00150263       4
   602  1  0.00150263      11
   602  2  0.00150263       6
   603  1  0.00150263      11
   603  2  0.00150263       6
   604  1  0.00150263      11
   604  2  0.00150263       6
   605  1  0.00150263      11
   605  2  0.00150263       6
   606  1  0.00150263      11
   606  2  0.00150263       8
   607  1  0.00150263      11
   607  2  0.00150263       6
   608  1  0.00150263      11
   608  2  0.00150263       6
   609  1  0.00150263      11
   609  2  0.00150263       6
   610  1  0.00150263      11
   610  2  0.00150263       6
   611  1  0.00150263      10
   611  2  0.00150263       4
   612  1  0.00150263      10
   612  2  0.00150263       6
   613  1  0.00150263      10
   613  2  0.00150263       6
   614  1  0.00150263      11
   614  2  0.00150263       6
   615  1  0.00150263      11
   615  2  0.00150263       6
   616  1  0.00150263      11
   616  2  0.00150263       6
   617  1  0.00150263      11
   617  2  0.00150263       6
   618  1  0.00150263      11
   618  2  0.00150263       6
   619  1  0.00150263      11
   619  2  0.00150263       6
   620  1  0.00150263      11
   620  2  0.00150263       6
   621  1  0.00150263      10
   621  2  0.00150263       6
   622  1  0.00150263      10
   622  2  0.00150263       6
   623  1  0.00150263      10
   623  2  0.00150263       6
   624  1  0.00150263      10
   624  2  0.00150263       6
   625  1  0.00150263      10
   625  2  0.00150263       6
   626  1  0.00150263      10
   626  2  0.00150263       6
   627  1  0.00150263      11
   627  2  0.00150263       6
   628  1  0.00150263      11
   628  2  0.00150263       6
   629  1  0.00150263      11
   629  2  0.00150263       6
   630  1  0.00150263      10
   630  2  0.00150263       6
   631  1  0.00150263      10
   631  2  0.00150263       6
   632  1  0.00150263      10
   632  2  0.00150263       6
   633  1  0.00150263      10
   633  2  0.00150263       6
   634  1  0.00150263      10
   634  2  0.00150263       6
   635  1  0.00150263      10
   635  2  0.00150263       6
   636  1  0.00150263      10
   636  2  0.00150263       6
   637  1  0.00150263      10
   637  2  0.00150263       6
   638  1  0.00150263      11
   638  2  0.00150263       6
   639  1  0.00150263      11
   639  2  0.00150263       6
   640  1  0.00150263      11
   640  2  0.00150263       6
   641  1  0.00150263      10
   641  2  0.00150263       6
   642  1  0.00150263      10
   642  2  0.00150263       6
   643  1  0.00150263      10
   643  2  0.00150263       6
   644  1  0.00150263      10
   644  2  0.00150263       6
   645  1  0.00150263      10
   645  2  0.00150263       6
   646  1  0.00150263      10
   646  2  0.00150263       6
   647  1  0.00150263      10
   647  2  0.00150263       6
   648  1  0.00150263      10
   648  2  0.00150263       6
   649  1  0.00150263      10
   649  2  0.00150263       6
   650  1  0.00150263      11
   650  2  0.00150263       6
   651  1  0.00150263      10
   651  2  0.00150263       6
   652  1  0.00150263      10
   652  2  0.00150263       6
   653  1  0.00150263      10
   653  2  0.00150263       6
   654  1  0.00150263      10
   654  2  0.00150263       6
   655  1  0.00150263      10
   655  2  0.00150263       6
   656  1  0.00150263      10
   656  2  0.00150263       6
   657  1  0.00150263      10
   657  2  0.00150263       6
   658  1  0.00150263      10
   658  2  0.00150263       6
   659  1  0.00150263      10
   659  2  0.00150263       6
   660  1  0.00150263      10
   660  2  0.00150263       6
   661  1  0.00150263      10
   661  2  0.00150263       4
   662  1  0.00150263      10
   662  2  0.00150263       6
   663  1  0.00150263      10
   663  2  0.00150263       6
   664  1  0.00150263      10
   664  2  0.00150263       6
   665  1  0.00150263      10
   665  2  0.00150263       6
   666  1  0.00150263      10
   666  2  0.00150263       6
