#MS=1.54163249
0.999999999974 0.00190623833333
0.999999999974 0.00190623833333
0.999999999974 0.00190623833333
0.999999999979 0.00190623666667
0.999999999979 0.00190623666667
0.999999999979 0.00190623666667
0.999999999979 0.00190623666667
0.999999999979 0.00190623666667
0.999999999979 0.00190623666667
1.0 0.00168823666667
1.0 0.00168823666667
1.0 0.00168823666667
1.0 0.00168823666667
1.0 0.00168823666667
1.0 0.00168823666667
1.0 0.00168823666667
1.0 0.00168823666667
1.0 0.00168824
1.0 0.00168824
1.0 0.00168824
1.0 0.00168824
1.41421356235 0.00022159
1.41421356235 0.00022159
1.41421356235 0.00022159
1.41421356235 0.00022159
1.41421356235 0.00022159
1.41421356235 0.00022159
1.41421356236 0.000221587333333
1.41421356236 0.000221587333333
1.41421356236 0.000221587333333
1.6329931618 0.000453484833333
1.6329931618 0.000453484833333
1.73205080755 0.000201244
1.73205080755 0.000201244
1.73205080755 0.000201244
1.73205080755 0.000201244
1.73205080755 0.000201244
1.73205080755 0.000201244
1.73205080756 0.000201243833333
1.73205080756 0.000201243833333
1.73205080756 0.000201243833333
1.73205080756 0.000201243833333
1.73205080756 0.000201243833333
1.73205080756 0.000201243833333
1.73205080756 0.0002012455
1.73205080756 0.0002012455
1.73205080756 0.0002012455
1.73205080756 0.0002012455
1.73205080756 0.0002012455
1.73205080756 0.0002012455
1.73205080757 0.000243252
1.73205080757 0.000243252
1.73205080757 0.000243252
1.73205080757 0.000243252
1.73205080757 0.000243255666667
1.73205080757 0.000243255666667
1.73205080757 0.000243252
1.73205080757 0.000243252
1.73205080757 0.000243255666667
1.73205080757 0.000243252
1.73205080757 0.000243252
1.73205080757 0.000243255666667
1.91485421547 -1.43966e-05
1.91485421547 -1.43941666667e-05
1.91485421547 -1.43941666667e-05
1.91485421547 -1.43941666667e-05
1.91485421547 -1.43941666667e-05
1.91485421547 -1.43966e-05
1.91485421547 -1.43966e-05
1.91485421547 -1.43941666667e-05
1.91485421547 -1.43966e-05
1.91485421547 -1.43941666667e-05
1.91485421547 -1.43941666667e-05
1.91485421547 -1.43941666667e-05
2.0 -0.000141771333333
2.0 -0.000141771333333
2.0 -0.000141771333333
2.0 -0.000141771333333
2.0 -0.000141771333333
2.0 -0.000141771333333
2.0 -0.000141771333333
2.0 -0.000141771333333
2.0 -0.000141770333333
2.0 -0.000141770333333
2.0 -0.000141770333333
2.0 -0.000141770333333
2.23606797749 2.206465e-05
2.23606797749 2.206465e-05
2.23606797749 2.206465e-05
2.23606797749 2.206465e-05
2.23606797749 2.206465e-05
2.23606797749 2.206465e-05
2.23606797749 2.20651666667e-05
2.23606797749 2.20651666667e-05
2.23606797749 2.20651666667e-05
2.23606797749 2.20651666667e-05
2.23606797749 2.20651666667e-05
2.23606797749 2.20651666667e-05
2.23606797749 2.20656333333e-05
2.23606797749 2.20656333333e-05
2.23606797749 2.20656333333e-05
2.23606797749 2.20656333333e-05
2.23606797749 2.20656333333e-05
2.23606797749 2.20656333333e-05
2.38047614281 2.02213833333e-05
2.38047614281 2.02220333333e-05
2.38047614281 2.02220333333e-05
2.38047614281 2.02213833333e-05
2.38047614281 2.02213833333e-05
2.38047614281 2.02213833333e-05
2.38047614281 2.02220333333e-05
2.38047614281 2.02213833333e-05
2.38047614281 2.02213833333e-05
2.38047614281 2.02213833333e-05
2.38047614281 2.02213833333e-05
2.38047614281 2.02220333333e-05
2.44948974277 3.36709833333e-05
2.44948974277 3.36709833333e-05
2.44948974277 3.36709833333e-05
2.44948974278 3.36695333333e-05
2.44948974278 3.36695333333e-05
2.44948974278 3.36695333333e-05
2.44948974278 3.36695333333e-05
2.44948974278 3.36695333333e-05
2.44948974278 3.36695333333e-05
2.51661147834 2.52508166667e-05
2.51661147834 2.52526833333e-05
2.51661147834 2.52526833333e-05
2.58198889744 8.96798833333e-06
2.58198889744 8.96944333333e-06
2.58198889744 8.96944333333e-06
2.58198889744 8.96944333333e-06
2.58198889744 8.96798833333e-06
2.58198889744 8.96944333333e-06
2.58198889744 8.96944333333e-06
2.58198889744 8.96798833333e-06
2.58198889744 8.96944333333e-06
2.58198889744 8.96944333333e-06
2.58198889744 8.96944333333e-06
2.58198889744 8.96798833333e-06
2.64575131105 -3.826875e-05
2.64575131105 -3.826875e-05
2.64575131105 -3.826875e-05
2.64575131105 -3.826875e-05
2.64575131105 -3.826875e-05
2.64575131105 -3.826875e-05
2.64575131106 -3.82694e-05
2.64575131106 -3.82694e-05
2.64575131106 -3.82694e-05
2.64575131106 -3.82694e-05
2.64575131106 -3.82694e-05
2.64575131106 -3.82694e-05
2.64575131106 -3.82677166667e-05
2.64575131106 -3.82677166667e-05
2.64575131106 -3.82677166667e-05
2.64575131106 -3.82677166667e-05
2.64575131106 -3.82677166667e-05
2.64575131106 -3.82677166667e-05
2.64575131106 -4.53517666667e-05
2.64575131106 -4.53517666667e-05
2.64575131106 -4.53504333333e-05
2.64575131106 -4.53504333333e-05
2.64575131106 -4.53504333333e-05
2.64575131106 -4.53528833333e-05
2.64575131106 -4.53517666667e-05
2.64575131106 -4.53517666667e-05
2.64575131106 -4.53528833333e-05
2.64575131106 -4.53528833333e-05
2.64575131106 -4.53517666667e-05
2.64575131106 -4.53517666667e-05
2.64575131106 -4.53528833333e-05
2.64575131106 -4.53517666667e-05
2.64575131106 -4.53528833333e-05
2.64575131106 -4.53517666667e-05
2.64575131106 -4.53504333333e-05
2.64575131106 -4.53504333333e-05
2.64575131106 -4.53504333333e-05
2.64575131106 -4.53528833333e-05
2.64575131106 -4.53504333333e-05
2.64575131106 -4.53528833333e-05
2.64575131106 -4.53504333333e-05
2.64575131106 -4.53528833333e-05
2.70801280147 -7.31765833333e-05
2.70801280147 -7.31765833333e-05
2.70801280147 -7.31744333333e-05
2.88675134587 -7.35291833333e-06
2.88675134587 -7.35291833333e-06
2.88675134588 -7.353305e-06
2.88675134588 -7.353305e-06
2.88675134588 -7.353445e-06
2.88675134588 -7.353445e-06
2.99999999999 6.07469333333e-06
2.99999999999 6.07469333333e-06
2.99999999999 6.07469333333e-06
2.99999999999 6.07469333333e-06
2.99999999999 6.07469333333e-06
2.99999999999 6.07469333333e-06
3.0 6.07398e-06
3.0 6.07398e-06
3.0 6.07398e-06
3.0 5.58940666667e-05
3.0 5.58940666667e-05
3.0 5.58940666667e-05
3.0 5.58940666667e-05
3.0 5.58912333333e-05
3.0 5.58912333333e-05
3.0 5.58940666667e-05
3.0 5.58912333333e-05
3.0 5.58940666667e-05
3.0 5.58940666667e-05
3.0 5.58912333333e-05
3.0 5.58940666667e-05

