               -470.2571369771
          0.000609322       0.000003016       0.000000431
          0.000003016       0.000609322       0.000000431
          0.000000431       0.000000431       0.000624216
           8
  1    26       0.000000000      -0.000000000      -0.000000000  Fe
  1    26       0.000000000       0.000000000      -0.000000000  Fe
  1    26       0.000000000       0.000000000       0.000000000  Fe
  1    26      -0.000000000       0.000000000      -0.000000000  Fe
  1    26      -0.000000000      -0.000000000       0.000000000  Fe
  1    26      -0.000000000      -0.000000000       0.000000000  Fe
  1    26       0.000000000      -0.000000000      -0.000000000  Fe
  1    26      -0.000000000      -0.000000000       0.000000000  Fe
