     1  1  0.00583090      42
     1  2  0.00583090      23
     2  1  0.00583090      42
     2  2  0.00583090      23
     3  1  0.00583090      42
     3  2  0.00583090      23
     4  1  0.00583090      42
     4  2  0.00583090      23
     5  1  0.00583090      42
     5  2  0.00583090      24
     6  1  0.00583090      43
     6  2  0.00583090      24
     7  1  0.00583090      42
     7  2  0.00583090      24
     8  1  0.00583090      42
     8  2  0.00583090      23
     9  1  0.00583090      42
     9  2  0.00583090      24
    10  1  0.00583090      43
    10  2  0.00583090      24
    11  1  0.00583090      42
    11  2  0.00583090      24
    12  1  0.00583090      42
    12  2  0.00583090      23
    13  1  0.00583090      43
    13  2  0.00583090      24
    14  1  0.00583090      43
    14  2  0.00583090      24
    15  1  0.00583090      42
    15  2  0.00583090      23
    16  1  0.00583090      43
    16  2  0.00583090      24
    17  1  0.00583090      42
    17  2  0.00583090      24
    18  1  0.00583090      42
    18  2  0.00583090      24
    19  1  0.00583090      43
    19  2  0.00583090      24
    20  1  0.00583090      42
    20  2  0.00583090      23
    21  1  0.00583090      42
    21  2  0.00583090      24
    22  1  0.00583090      42
    22  2  0.00583090      23
    23  1  0.00583090      42
    23  2  0.00583090      24
    24  1  0.00583090      42
    24  2  0.00583090      24
    25  1  0.00291545      47
    25  2  0.00291545      18
    26  1  0.00583090      42
    26  2  0.00583090      24
    27  1  0.00583090      43
    27  2  0.00583090      24
    28  1  0.00583090      43
    28  2  0.00583090      24
    29  1  0.00583090      42
    29  2  0.00583090      24
    30  1  0.00583090      43
    30  2  0.00583090      23
    31  1  0.00583090      43
    31  2  0.00583090      24
    32  1  0.00583090      43
    32  2  0.00583090      23
    33  1  0.00583090      42
    33  2  0.00583090      24
    34  1  0.00583090      45
    34  2  0.00583090      24
    35  1  0.00583090      42
    35  2  0.00583090      24
    36  1  0.00583090      45
    36  2  0.00583090      24
    37  1  0.00583090      42
    37  2  0.00583090      24
    38  1  0.00583090      42
    38  2  0.00583090      23
    39  1  0.00583090      42
    39  2  0.00583090      23
    40  1  0.00583090      42
    40  2  0.00583090      23
    41  1  0.00583090      43
    41  2  0.00583090      24
    42  1  0.00583090      42
    42  2  0.00583090      24
    43  1  0.00583090      42
    43  2  0.00583090      24
    44  1  0.00583090      43
    44  2  0.00583090      24
    45  1  0.00583090      42
    45  2  0.00583090      23
    46  1  0.00583090      42
    46  2  0.00583090      24
    47  1  0.00583090      42
    47  2  0.00583090      24
    48  1  0.00583090      41
    48  2  0.00583090      23
    49  1  0.00583090      43
    49  2  0.00583090      24
    50  1  0.00583090      45
    50  2  0.00583090      24
    51  1  0.00583090      43
    51  2  0.00583090      24
    52  1  0.00583090      41
    52  2  0.00583090      23
    53  1  0.00583090      42
    53  2  0.00583090      24
    54  1  0.00583090      43
    54  2  0.00583090      24
    55  1  0.00583090      42
    55  2  0.00583090      24
    56  1  0.00583090      42
    56  2  0.00583090      23
    57  1  0.00583090      42
    57  2  0.00583090      24
    58  1  0.00583090      42
    58  2  0.00583090      24
    59  1  0.00583090      42
    59  2  0.00583090      23
    60  1  0.00583090      42
    60  2  0.00583090      24
    61  1  0.00583090      42
    61  2  0.00583090      24
    62  1  0.00583090      42
    62  2  0.00583090      24
    63  1  0.00583090      42
    63  2  0.00583090      24
    64  1  0.00583090      42
    64  2  0.00583090      23
    65  1  0.00583090      43
    65  2  0.00583090      23
    66  1  0.00583090      42
    66  2  0.00583090      23
    67  1  0.00583090      42
    67  2  0.00583090      24
    68  1  0.00583090      42
    68  2  0.00583090      23
    69  1  0.00583090      41
    69  2  0.00583090      23
    70  1  0.00583090      42
    70  2  0.00583090      23
    71  1  0.00583090      42
    71  2  0.00583090      23
    72  1  0.00583090      43
    72  2  0.00583090      24
    73  1  0.00583090      43
    73  2  0.00583090      24
    74  1  0.00583090      42
    74  2  0.00583090      23
    75  1  0.00583090      42
    75  2  0.00583090      24
    76  1  0.00583090      43
    76  2  0.00583090      24
    77  1  0.00583090      43
    77  2  0.00583090      24
    78  1  0.00583090      42
    78  2  0.00583090      24
    79  1  0.00583090      43
    79  2  0.00583090      23
    80  1  0.00583090      43
    80  2  0.00583090      24
    81  1  0.00583090      43
    81  2  0.00583090      23
    82  1  0.00583090      42
    82  2  0.00583090      23
    83  1  0.00583090      42
    83  2  0.00583090      24
    84  1  0.00583090      43
    84  2  0.00583090      24
    85  1  0.00583090      42
    85  2  0.00583090      24
    86  1  0.00583090      42
    86  2  0.00583090      23
    87  1  0.00583090      43
    87  2  0.00583090      24
    88  1  0.00583090      43
    88  2  0.00583090      24
    89  1  0.00583090      42
    89  2  0.00583090      24
    90  1  0.00583090      42
    90  2  0.00583090      23
    91  1  0.00583090      42
    91  2  0.00583090      24
    92  1  0.00583090      42
    92  2  0.00583090      24
    93  1  0.00583090      42
    93  2  0.00583090      23
    94  1  0.00583090      42
    94  2  0.00583090      24
    95  1  0.00583090      43
    95  2  0.00583090      24
    96  1  0.00583090      43
    96  2  0.00583090      24
    97  1  0.00583090      43
    97  2  0.00583090      24
    98  1  0.00583090      43
    98  2  0.00583090      23
    99  1  0.00583090      45
    99  2  0.00583090      24
   100  1  0.00583090      43
   100  2  0.00583090      23
   101  1  0.00583090      43
   101  2  0.00583090      24
   102  1  0.00583090      43
   102  2  0.00583090      24
   103  1  0.00583090      42
   103  2  0.00583090      24
   104  1  0.00583090      43
   104  2  0.00583090      24
   105  1  0.00583090      43
   105  2  0.00583090      24
   106  1  0.00583090      44
   106  2  0.00583090      23
   107  1  0.00583090      44
   107  2  0.00583090      23
   108  1  0.00583090      43
   108  2  0.00583090      24
   109  1  0.00583090      43
   109  2  0.00583090      24
   110  1  0.00583090      42
   110  2  0.00583090      23
   111  1  0.00583090      42
   111  2  0.00583090      23
   112  1  0.00583090      43
   112  2  0.00583090      23
   113  1  0.00583090      44
   113  2  0.00583090      23
   114  1  0.00583090      43
   114  2  0.00583090      24
   115  1  0.00583090      44
   115  2  0.00583090      23
   116  1  0.00583090      43
   116  2  0.00583090      23
   117  1  0.00583090      42
   117  2  0.00583090      24
   118  1  0.00583090      42
   118  2  0.00583090      24
   119  1  0.00583090      42
   119  2  0.00583090      24
   120  1  0.00583090      45
   120  2  0.00583090      24
   121  1  0.00583090      44
   121  2  0.00583090      23
   122  1  0.00583090      44
   122  2  0.00583090      23
   123  1  0.00583090      45
   123  2  0.00583090      24
   124  1  0.00583090      42
   124  2  0.00583090      23
   125  1  0.00583090      42
   125  2  0.00583090      23
   126  1  0.00583090      42
   126  2  0.00583090      23
   127  1  0.00583090      42
   127  2  0.00583090      23
   128  1  0.00583090      42
   128  2  0.00583090      24
   129  1  0.00583090      43
   129  2  0.00583090      24
   130  1  0.00583090      42
   130  2  0.00583090      24
   131  1  0.00583090      42
   131  2  0.00583090      24
   132  1  0.00583090      42
   132  2  0.00583090      23
   133  1  0.00583090      43
   133  2  0.00583090      23
   134  1  0.00583090      42
   134  2  0.00583090      23
   135  1  0.00583090      42
   135  2  0.00583090      24
   136  1  0.00583090      42
   136  2  0.00583090      24
   137  1  0.00583090      42
   137  2  0.00583090      24
   138  1  0.00583090      43
   138  2  0.00583090      24
   139  1  0.00583090      43
   139  2  0.00583090      24
   140  1  0.00583090      44
   140  2  0.00583090      23
   141  1  0.00583090      44
   141  2  0.00583090      23
   142  1  0.00583090      43
   142  2  0.00583090      24
   143  1  0.00583090      43
   143  2  0.00583090      24
   144  1  0.00583090      42
   144  2  0.00583090      24
   145  1  0.00583090      42
   145  2  0.00583090      24
   146  1  0.00583090      43
   146  2  0.00583090      24
   147  1  0.00583090      43
   147  2  0.00583090      24
   148  1  0.00583090      45
   148  2  0.00583090      30
   149  1  0.00583090      43
   149  2  0.00583090      24
   150  1  0.00583090      43
   150  2  0.00583090      24
   151  1  0.00583090      42
   151  2  0.00583090      24
   152  1  0.00583090      42
   152  2  0.00583090      23
   153  1  0.00583090      42
   153  2  0.00583090      23
   154  1  0.00583090      44
   154  2  0.00583090      23
   155  1  0.00583090      45
   155  2  0.00583090      30
   156  1  0.00583090      45
   156  2  0.00583090      30
   157  1  0.00583090      44
   157  2  0.00583090      23
   158  1  0.00583090      42
   158  2  0.00583090      23
   159  1  0.00583090      42
   159  2  0.00583090      23
   160  1  0.00583090      42
   160  2  0.00583090      23
   161  1  0.00583090      43
   161  2  0.00583090      23
   162  1  0.00583090      44
   162  2  0.00583090      23
   163  1  0.00583090      43
   163  2  0.00583090      24
   164  1  0.00583090      44
   164  2  0.00583090      23
   165  1  0.00583090      43
   165  2  0.00583090      23
   166  1  0.00583090      42
   166  2  0.00583090      23
   167  1  0.00583090      41
   167  2  0.00583090      23
   168  1  0.00583090      42
   168  2  0.00583090      23
   169  1  0.00583090      42
   169  2  0.00583090      23
   170  1  0.00583090      43
   170  2  0.00583090      24
   171  1  0.00583090      43
   171  2  0.00583090      24
   172  1  0.00583090      42
   172  2  0.00583090      23
