#MS=2.36536598
0.866025403784 0.00265288666667
0.866025403784 0.00265288666667
0.866025403784 0.00265288666667
0.866025403784 0.00265288666667
1.0 0.00171382
1.0 0.00171161
1.0 0.00171161
1.0 0.00171161
1.0 0.00171161
1.41421356237 -0.000284364666667
1.41421356237 -0.00028454
1.41421356237 -0.00028454
1.41421356237 -0.000284364666667
1.41421356237 -0.00028454
1.41421356237 -0.000284364666667
1.41421356237 -0.00028454
1.41421356237 -0.000284364666667
1.65831239518 -0.000148545
1.65831239518 -0.000148545
1.65831239518 -0.000147456333333
1.65831239518 -0.000148545
1.65831239518 -0.000148545
1.65831239518 -0.000148545
1.65831239518 -0.000148545
1.65831239518 -0.000148545
1.65831239518 -0.000148545
1.73205080757 -6.77656e-05
1.73205080757 -6.77656e-05
1.73205080757 -6.77656e-05
2.0 6.28368666667e-05
2.0 6.28368666667e-05
2.0 6.28368666667e-05
2.0 6.28368666667e-05
2.17944947177 -3.56140666667e-05
2.17944947177 -3.56140666667e-05
2.17944947177 -3.5578e-05
2.17944947177 -3.5578e-05
2.17944947177 -3.5578e-05
2.17944947177 -3.56140666667e-05
2.17944947177 -3.56140666667e-05
2.17944947177 -3.5578e-05
2.2360679775 -1.13576883333e-05
2.2360679775 -1.13576883333e-05
2.2360679775 -1.13576883333e-05
2.2360679775 -1.13576883333e-05
2.2360679775 -1.13576883333e-05
2.2360679775 -1.1431975e-05
2.2360679775 -1.13576883333e-05
2.2360679775 -1.13576883333e-05
2.2360679775 -1.13576883333e-05
2.2360679775 -1.1431975e-05
2.44948974278 -9.30652333333e-05
2.44948974278 -9.30652333333e-05
2.44948974278 -9.30652333333e-05
2.44948974278 -9.30652333333e-05
2.59807621135 7.38841666667e-05
2.59807621135 7.38841666667e-05
2.59807621135 7.38841666667e-05
2.59807621135 7.38841666667e-05
2.59807621135 7.38841666667e-05
2.59807621135 7.38841666667e-05
2.59807621135 7.38841666667e-05
2.59807621135 7.38841666667e-05
2.59807621135 0.00033558
2.82842712475 -3.29013166667e-06
2.82842712475 -3.29013166667e-06
2.82842712475 -3.29013166667e-06
2.82842712475 -3.29013166667e-06
2.95803989155 1.36303133333e-05
2.95803989155 1.36303133333e-05
2.95803989155 1.36418e-05
2.95803989155 1.36303133333e-05
2.95803989155 1.36418e-05
2.95803989155 1.36418e-05
2.95803989155 1.36418e-05
2.95803989155 1.36418e-05
2.95803989155 1.36418e-05
2.95803989155 1.36303133333e-05
3.0 3.06339e-05
3.0 0.000141104833333
3.0 0.000141104833333
3.0 0.000141104833333
3.0 0.000141104833333
3.16227766017 -3.48333333333e-05
3.16227766017 -3.50671e-05
3.16227766017 -3.50671e-05
3.16227766017 -3.48333333333e-05
3.16227766017 -3.48333333333e-05
3.16227766017 -3.48333333333e-05
3.16227766017 -3.48333333333e-05
3.16227766017 -3.48333333333e-05
3.16227766017 -3.48333333333e-05
3.16227766017 -3.48333333333e-05
3.27871926215 0.000120716166667
3.27871926215 0.000120716166667
3.31662479036 -5.4202e-05
3.31662479036 -5.4202e-05
3.31662479036 -5.4202e-05
3.31662479036 -5.4202e-05
3.46410161514 -0.000108108
3.57071421427 -6.61010166667e-05
3.57071421427 -6.61010166667e-05
3.57071421427 -6.61010166667e-05
3.57071421427 -6.61010166667e-05
3.57071421427 -3.14668333333e-05
3.57071421427 -3.14668333333e-05
3.57071421427 -3.14668333333e-05
3.60555127546 -6.76524e-06
3.60555127546 -6.76524e-06
3.60555127546 -6.76524e-06
3.60555127546 -6.76524e-06
3.60555127546 -6.76524e-06
3.60555127546 -6.76524e-06
3.60555127546 -6.76524e-06
3.60555127546 -6.76524e-06
3.74165738677 -1.673105e-05
3.74165738677 -1.67071333333e-05
3.74165738677 -1.67071333333e-05
3.74165738677 -1.673105e-05
3.84057287393 8.46482e-06
3.84057287393 8.56522e-06
3.84057287393 8.46482e-06
3.84057287393 2.76823e-05
3.84057287393 8.46482e-06
3.84057287393 8.56522e-06
3.84057287393 8.56522e-06
3.84057287393 8.56522e-06
3.84057287393 8.46482e-06
4.0 2.23210833333e-05
4.0 2.23210833333e-05
4.0 2.23210833333e-05
4.0 2.23210833333e-05
4.09267638594 2.200165e-05
4.09267638594 2.200165e-05
4.12310562562 -4.74702833333e-05
4.12310562562 -4.74702833333e-05
4.12310562562 1.74178666667e-05
4.12310562562 1.74178666667e-05
4.24264068712 3.78647166667e-05
4.24264068712 3.78647166667e-05
4.24264068712 3.78647166667e-05
4.24264068712 3.78647166667e-05
4.33012701892 1.53954133333e-06
4.33012701892 1.53954133333e-06
4.35889894354 1.4312e-05
4.55521678957 -9.25907666667e-06
4.55521678957 1.41391333333e-05
4.55521678957 1.41391333333e-05
4.55521678957 -9.25907666667e-06
4.55521678957 -9.25907666667e-06
4.55521678957 -9.25907666667e-06
4.58257569496 -3.77675833333e-06
4.58257569496 -3.731925e-06
4.58257569496 -3.77675833333e-06
4.58257569496 -3.731925e-06
4.69041575982 -4.23469333333e-05
4.76969600708 -1.10611666667e-05
4.76969600708 -1.10178333333e-05
4.76969600708 -1.10178333333e-05
4.76969600708 -1.10178333333e-05
4.76969600708 -1.10178333333e-05
4.76969600708 -1.10611666667e-05
4.89897948557 4.94843e-06
4.89897948557 4.94843e-06
4.97493718553 -2.09857333333e-05
4.97493718553 -2.09857333333e-05
4.97493718553 -5.56843333333e-06
4.97493718553 7.84055333333e-06
4.97493718553 7.84055333333e-06
5.09901951359 7.85643833333e-06
5.09901951359 1.38865e-06
5.09901951359 1.38865e-06
5.09901951359 7.85643833333e-06
5.17204021639 1.59995666667e-06
5.17204021639 -1.03132e-07
5.17204021639 -1.03132e-07
5.19615242271 8.00870833333e-06
5.19615242271 8.00870833333e-06
5.36190264738 1.60275333333e-07
5.36190264738 1.60275333333e-07
5.38516480713 -1.44499333333e-05
5.38516480713 -1.44499333333e-05
5.47722557505 3.593225e-06
5.47722557505 3.58009166667e-06
5.47722557505 3.58009166667e-06
5.47722557505 3.593225e-06
5.5452682532 2.19469666667e-05
5.72276157113 -4.76452666667e-06
5.72276157113 -4.76452666667e-06
5.72276157113 -8.343915e-06
5.72276157113 -8.343915e-06
5.74456264654 -2.83282666667e-06
5.74456264654 1.051355e-05
5.74456264654 1.051355e-05
5.89491306128 1.04384166667e-07
5.89491306128 -4.58420666667e-06
5.89491306128 -4.58420666667e-06
5.89491306128 1.04384166667e-07
5.9160797831 -2.18880666667e-07
5.9160797831 -2.18880666667e-07
6.0 1.54168e-06
6.16441400297 -1.06271833333e-06
6.16441400297 -1.06271833333e-06
6.22494979899 6.389995e-06
6.22494979899 -4.059077e-07
6.22494979899 -4.059077e-07
6.22494979899 6.389995e-06
6.48074069841 -9.32602666667e-07
6.48074069841 -9.32602666667e-07
6.53834841531 2.34943666667e-06
6.53834841531 2.34943666667e-06
6.53834841531 1.75618333333e-06
6.63324958071 -2.40393833333e-06
6.63324958071 -2.40393833333e-06
6.68954408013 2.63681833333e-06
6.68954408013 2.63681833333e-06
6.7082039325 -1.32559333333e-08
6.7082039325 -1.32559333333e-08
6.83739716559 -4.60424666667e-06
6.83739716559 -4.52305166667e-06
6.83739716559 -4.52305166667e-06
6.98212002188 1.53224366667e-06
6.98212002188 1.53224366667e-06
7.0 -6.28048633333e-07
7.0 -6.28048633333e-07
7.07106781187 3.83269166667e-06
7.07106781187 3.83269166667e-06
7.12390342439 1.31097633333e-06
7.12390342439 1.31097633333e-06
7.26291952317 2.63478666667e-07
7.26291952317 2.63478666667e-07
7.34846922835 5.2779e-07
7.39932429347 6.65610666667e-06
7.39932429347 6.65610666667e-06
7.48331477355 -2.04273333333e-06
7.48331477355 -2.04273333333e-06
7.53325958666 -4.25232233333e-07
7.53325958666 -4.25232233333e-07
7.53325958666 1.93907333333e-06
7.53325958666 1.93907333333e-06
7.68114574787 5.83648666667e-06
7.79422863406 1.05411166667e-06
7.79422863406 1.05411166667e-06
7.81024967591 -1.765e-10
7.81024967591 -1.765e-10
7.87400787401 -7.67233166667e-07
7.87400787401 -7.67233166667e-07
7.92148975888 -1.57032e-06
8.04673846972 3.31294966667e-07
8.04673846972 3.31294966667e-07
8.0622577483 -4.78116933333e-07
8.0622577483 -4.78116933333e-07
8.17006731918 -1.48073666667e-06
8.29156197589 1.65225333333e-06
8.29156197589 1.65225333333e-06
8.30662386292 -2.39789466667e-07
8.30662386292 -2.39789466667e-07
8.36660026534 8.43914166667e-07
8.36660026534 8.43914166667e-07
8.52936105462 -4.40133e-06
8.60232526704 -1.22185666667e-06
8.60232526704 -1.22185666667e-06
8.6458082329 -4.33633333333e-08
8.6458082329 -4.33633333333e-08
8.71779788708 8.52232666667e-07
8.83176086633 1.059063e-07
8.83176086633 1.059063e-07
8.87411967465 -3.1389e-08
8.87411967465 -3.1389e-08
9.0 1.12520666667e-06
9.09670269933 -1.102706e-06
9.09670269933 -1.102706e-06
9.11043357914 -6.642575e-07
9.11043357914 -6.642575e-07
9.20597631976 -1.484205e-07
9.20597631976 -1.484205e-07
9.52627944163 -8.60286666667e-08
9.63068014213 -2.15223266667e-07
9.63068014213 -2.15223266667e-07
9.69535971483 3.32038666667e-07
9.69535971483 3.32038666667e-07
9.83615778645 -2.50913666667e-07
9.89949493661 1.33100833333e-06
9.89949493661 1.33100833333e-06
9.93730345718 -3.86242e-07
9.93730345718 -3.86242e-07
10.2347447452 2.65085e-07
10.2347447452 2.65085e-07
10.3440804328 -3.4286e-08
10.4403065089 2.94248833333e-07
10.4403065089 2.94248833333e-07
10.5237825899 4.23448333333e-09
10.5237825899 4.23448333333e-09
10.7121426428 -1.26624333333e-06
10.7121426428 -1.26624333333e-06
11.0453610172 -3.99184333333e-07
11.0453610172 -3.99184333333e-07
11.1691539518 1.26521833333e-07
11.2583302492 -1.24182766667e-07
11.2583302492 -1.24182766667e-07
11.8638105177 1.43638566667e-07
11.8638105177 1.43638566667e-07
12.5199840255 1.74642533333e-07
